n=5
Data = [0.007, 0.011, 0.007, 0.012, 0.013, 0.016, 0.014, 0.025, 0.010, 0.019, 0.013, 0.016, 0.002, 0.012, 0.006, 0.010, 0.006, 0.014, 0.013, 0.006, 0.013, 0.006, 0.016, 0.020, 0.013, 0.010, 0.011, 0.020, 0.013, 0.008, 0.008, 0.007, 0.012, 0.007, 0.011, 0.013, 0.011, 0.021, 0.011, 0.010, 0.018, 0.021, 0.017, 0.002, 0.011, 0.009, 0.015, 0.013, 0.007, 0.008, 0.013, 0.011, 0.015, 0.023, 0.013, 0.014, 0.022, 0.019, 0.004, 0.010, 0.013]
n=10
Data = [0.013, 0.017, 0.024, 0.021, 0.020, 0.007, 0.021, 0.024, 0.025, 0.016, 0.022, 0.026, 0.015, 0.014, 0.054, 0.007, 0.026, 0.005, 0.015, 0.039, 0.018, 0.020, 0.008, 0.024, 0.014, 0.017, 0.028, 0.023, 0.012, 0.009, 0.020, 0.022, 0.028, 0.009, 0.012, 0.036, 0.015, 0.009, 0.021, 0.014, 0.015, 0.023, 0.020, 0.013, 0.010, 0.023, 0.020, 0.035, 0.032, 0.018, 0.016, 0.021, 0.061, 0.008, 0.011, 0.033, 0.018, 0.016, 0.020, 0.018, 0.014]
n=15
Data = [0.024, 0.023, 0.039, 0.025, 0.013, 0.031, 0.025, 0.031, 0.048, 0.032, 0.041, 0.017, 0.033, 0.011, 0.042, 0.024, 0.046, 0.025, 0.060, 0.039, 0.013, 0.013, 0.030, 0.044, 0.061, 0.016, 0.011, 0.024, 0.021, 0.029, 0.025, 0.032, 0.030, 0.044, 0.015, 0.021, 0.020, 0.039, 0.026, 0.019, 0.045, 0.050, 0.008, 0.024, 0.023, 0.021, 0.022, 0.025, 0.039, 0.010, 0.021, 0.027, 0.029, 0.014, 0.025, 0.014, 0.031, 0.046, 0.012, 0.044, 0.066] 
n=20
Data = [0.011, 0.035, 0.047, 0.042, 0.022, 0.025, 0.059, 0.016, 0.033, 0.032, 0.021, 0.017, 0.012, 0.083, 0.016, 0.059, 0.020, 0.026, 0.058, 0.014, 0.088, 0.057, 0.030, 0.031, 0.009, 0.025, 0.018, 0.016, 0.032, 0.040, 0.047, 0.022, 0.010, 0.030, 0.043, 0.028, 0.015, 0.060, 0.069, 0.063, 0.013, 0.008, 0.082, 0.014, 0.010, 0.035, 0.060, 0.017, 0.033, 0.025, 0.029, 0.039, 0.039, 0.032, 0.020, 0.032, 0.051, 0.028, 0.016, 0.031, 0.007]
n=25
Data = [0.024, 0.022, 0.035, 0.039, 0.032, 0.020, 0.040, 0.040, 0.024, 0.033, 0.046, 0.042, 0.030, 0.024, 0.027, 0.054, 0.043, 0.051, 0.042, 0.046, 0.043, 0.045, 0.058, 0.031, 0.010, 0.040, 0.036, 0.033, 0.040, 0.033, 0.081, 0.024, 0.081, 0.034, 0.062, 0.040, 0.029, 0.069, 0.030, 0.016, 0.045, 0.041, 0.029, 0.049, 0.039, 0.025, 0.044, 0.029, 0.028, 0.026, 0.028, 0.042, 0.041, 0.025, 0.029, 0.008, 0.029, 0.031, 0.026, 0.034, 0.022]
n=30
Data = [0.056, 0.043, 0.038, 0.011, 0.037, 0.047, 0.034, 0.025, 0.023, 0.022, 0.050, 0.021, 0.040, 0.038, 0.024, 0.030, 0.033, 0.047, 0.025, 0.042, 0.023, 0.044, 0.018, 0.073, 0.019, 0.060, 0.049, 0.033, 0.031, 0.026, 0.022, 0.075, 0.021, 0.019, 0.015, 0.024, 0.026, 0.035, 0.027, 0.028, 0.041, 0.015, 0.028, 0.059, 0.029, 0.032, 0.046, 0.059, 0.036, 0.043, 0.063, 0.014, 0.041, 0.020, 0.068, 0.010, 0.011, 0.015, 0.035, 0.026, 0.016]
n=35
Data = [0.028, 0.049, 0.052, 0.051, 0.042, 0.031, 0.027, 0.027, 0.029, 0.047, 0.033, 0.043, 0.034, 0.033, 0.015, 0.040, 0.047, 0.022, 0.023, 0.014, 0.062, 0.030, 0.036, 0.032, 0.100, 0.046, 0.035, 0.037, 0.161, 0.092, 0.093, 0.083, 0.071, 0.073, 0.081, 0.066, 0.069, 0.035, 0.134, 0.050, 0.090, 0.076, 0.042, 0.069, 0.093, 0.063, 0.066, 0.059, 0.026, 0.067, 0.024, 0.103, 0.079, 0.048, 0.107, 0.062, 0.033, 0.054, 0.099, 0.081, 0.082]
n=40
Data = [0.083, 0.141, 0.082, 0.097, 0.013, 0.083, 0.032, 0.065, 0.059, 0.036, 0.132, 0.029, 0.068, 0.060, 0.041, 0.096, 0.067, 0.023, 0.048, 0.034, 0.026, 0.052, 0.099, 0.054, 0.010, 0.025, 0.046, 0.033, 0.048, 0.027, 0.042, 0.020, 0.034, 0.022, 0.033, 0.048, 0.063, 0.033, 0.026, 0.037, 0.055, 0.042, 0.054, 0.017, 0.052, 0.041, 0.020, 0.039, 0.032, 0.021, 0.018, 0.019, 0.020, 0.031, 0.040, 0.023, 0.035, 0.045, 0.067, 0.060, 0.079]
n=45
Data = [0.048, 0.025, 0.040, 0.018, 0.067, 0.034, 0.041, 0.049, 0.085, 0.071, 0.059, 0.021, 0.022, 0.065, 0.028, 0.055, 0.053, 0.036, 0.026, 0.025, 0.022, 0.033, 0.043, 0.026, 0.040, 0.023, 0.038, 0.034, 0.066, 0.047, 0.012, 0.069, 0.002, 0.028, 0.061, 0.050, 0.040, 0.038, 0.050, 0.018, 0.021, 0.084, 0.065, 0.007, 0.037, 0.028, 0.017, 0.050, 0.063, 0.051, 0.019, 0.027, 0.023, 0.045, 0.044, 0.023, 0.052, 0.062, 0.043, 0.035, 0.024]
n=50
Data = [0.037, 0.050, 0.026, 0.066, 0.047, 0.045, 0.056, 0.038, 0.031, 0.012, 0.067, 0.052, 0.096, 0.042, 0.064, 0.052, 0.023, 0.042, 0.049, 0.029, 0.058, 0.032, 0.017, 0.026, 0.026, 0.032, 0.039, 0.036, 0.030, 0.044, 0.006, 0.034, 0.032, 0.036, 0.046, 0.042, 0.124, 0.103, 0.204, 0.102, 0.088, 0.050, 0.130, 0.062, 0.088, 0.181, 0.122, 0.013, 0.151, 0.029, 0.159, 0.079, 0.032, 0.069, 0.008, 0.094, 0.018, 0.052, 0.043, 0.047, 0.064]
n=55 
Data = [0.022, 0.067, 0.021, 0.025, 0.035, 0.050, 0.030, 0.039, 0.062, 0.051, 0.026, 0.065, 0.077, 0.025, 0.035, 0.043, 0.061, 0.022, 0.039, 0.036, 0.037, 0.037, 0.032, 0.049, 0.042, 0.036, 0.058, 0.026, 0.040, 0.086, 0.027, 0.063, 0.053, 0.026, 0.041, 0.029, 0.103, 0.064, 0.039, 0.067, 0.032, 0.084, 0.038, 0.017, 0.020, 0.055, 0.073, 0.047, 0.023, 0.086, 0.123, 0.031, 0.024, 0.044, 0.037, 0.055, 0.016, 0.018, 0.122, 0.015, 0.012]
n=60
Data = [0.126, 0.020, 0.048, 0.066, 0.044, 0.051, 0.031, 0.034, 0.066, 0.069, 0.028, 0.044, 0.042, 0.038, 0.031, 0.042, 0.026, 0.053, 0.049, 0.079, 0.045, 0.014, 0.029, 0.040, 0.058, 0.032, 0.069, 0.052, 0.043, 0.060, 0.043, 0.037, 0.123, 0.029, 0.016, 0.050, 0.034, 0.045, 0.052, 0.028, 0.046, 0.023, 0.035, 0.057, 0.037, 0.063, 0.058, 0.050, 0.057, 0.032, 0.051, 0.025, 0.084, 0.023, 0.019, 0.031, 0.050, 0.040, 0.060, 0.040, 0.030,]