.006082362
.003609184
.004308620
.005647451
.004331660
.005804175
.004636538
.005800674
.004736820
.004716308
.004604766
.004783249
.005273356
.004857024
.004785043
.004948049
.004796414
.005912620
.005183525
.003726674
.004905057
.004810548
.009914605
.003817610
.004795513
.003557340
.005575077
.004845916
.005636131
.005145538
.007222086
.004541567
.004332106
.003885632
.005587646
.004943333
.004517583
.005759859
.005221081
.005215927
.005482673
.004231014
.006008480
.004886126
.005347239
.006166127
.005989007
.004292063
.005498655
.004951807
.005484979
.004199330
.005250003
.005954661
.005169430
.005598098
.005920652
.005508092
.005673377
.004926135
.005609977
.004766941
.004886540
.004841576
.005219181
.005474897
.005061809
.005542461
.003867109
.005342733
.005194539
.005231845
.004868113
.005002656
.005890523
.004190422
.004490886
.005529434
.006887895
.004829455
.005570349
.005371515
.005845031
.004897406
.004666682
.004838634
.005145516
.005681252
.006515759
.004378809
.005259376
.005914214
.004794010
.004740209
.004017305
.005253214
.005185835
.006038077
.005044954
.005197145
.005536794
.005559510
.004645373
.004960625
.006041685
.004453612
.004236159
.005631390
.004498976
.005124383
.005268506
.005563850
.005437374
.005933679
.004700212
.004420918
.004251362
.004415200
.005332141
.005472199
.004865505
.005104119
.004484798
.005395394
.004802221
.006502057
.005377891
.005369990
.004278130
.005248658
.005772234
.005470404
.006893090
.004607782
.004320181
.005631700
.005442538
.005011455
.004784114
.005595397
.004632665
.004545310
.004204602
.005090240
.005109085
.003912733
.005379623
.004613072
.004192465
.005782660
.005630452
.005698220
.006275901
.005169556
.005215463
.004061525
.006153237
.005326756
.005550491
.005131066
.005596805
.006367027
.005602401
.005601431
.005397301
.003632616
.004740585
.005463483
.005083658
.005067656
.004975990
.004595640
.004337231
.004372656
.005617418
.005780337
.006650855
.005068233
.004282737
.005573671
.004259850
.005079947
.005674919
.005464820
.005853728
.004834236
.005329925
.005013754
.005916691
.005308023
.005082811
.006747940
.005185510
.005745152
.005581698
.003349551
.004682227
.005495462
.005444802
.004078396
.005134039
.005179582
.006118205
.005545154
.005217079
.005790866
.006210254
.005518750
.003432158
.004104892
.005209795
.004491480
.004516680
.005722754
.004621433
.005805424
.006161542
.003624529
.005354313
.004352273
.005174205
.004757318
.005668745
.004745702
.005425646
.003855236
.004701046
.005897112
.004082456
.004791984
.005921353
.005633834
.005368285
.004906135
.004674893
.004402879
.004753411
.003868285
.004940073
.004490293
.005766662
.005167527
.006225978
.004684291
.004623742
.005220849
.004976717
.006229328
.005374725
.005859935
.005913655
.005635017
.005281237
.005904010
.005278371
.004688480
.005031595
.006064376
.004715667
.006145238
.004836106
.005580702
.004980344
.004945462
.005779122
.005654304
.005800594
.006369055
.005561290
.006499011
.005183735
.004421374
.004716718
.005917101
.005074671
.005095158
.005405943
.005576316
.005521047
.006049010
.005317132
.004622208
.004542028
.006013567
.005157954
.004076586
.005558533
.005644073
.005216622
.005198263
.004940984
.005069079
.004337522
.005325805
.005562980
.005325308
.006375516
.005710053
.005985362
.005213701
.003904146
.006117207
.004647598
.006058576
.005533936
.005487545
.005509651
.004716984
.005945766
.004736223
.004668613
.005109945
.004166977
.006096561
.004589549
.005731626
.005001294
.005556532
.004844384
.004710689
.005429371
.006075132
.005230816
.005163286
.004851575
.006125741
.005241194
.005818387
.005577553
.006256687
.006082044
.006330562
.005786583
.005962980
.005098734
.005643725
.006137116
.004891743
.005562775
.005768801
.004644310
.006815705
.004252249
.004111678
.004953215
.005222555
.005092838
.005750353
.004928331
.005297651
.005285686
.004901910
.005673647
.004484800
.004484192
.005845428
.007175004
.003988327
.004957127
.006674268
.004905559
.004531360
.005680893
.005426063
.004849017
.005421935
.005699315
.004992540
.005254580
.005026347
.005518415
.005667730
.006014389
.005693362
.004927516
.005332521
.004382977
.003884118
.005183929
.005951385
.004802603
.005457458
.005157193
.006452245
.004443609
.004708165
.005578669
.005681462
.004726966
.005153265
.005785917
.005853113
.003620470
.005350086
.005674654
.005682554
.005882957
.005592017
.004921957
.004953255
.005268687
.005497855
.005394440
.006042419
.005369204
.005589126
.004465619
.005574614
.005689410
.005371851
.004559693
.005256970
.004929318
.004643421
.004893540
.004169783
.004823430
.006314251
.005940533
.005565550
.005593886
.006712356
.004856196
.005571964
.005901298
.005232916
.003384439
.004230024
.006298522
.004908381
.005220277
.005229066
.005864872
.004151606
.005925930
.005148959
.004996151
.006540717
.005980116
.005308589
.005335796
.004797375
.005886733
.005977964
.005520044
.006849443
.005552080
.006338066
.004935896
.004658737
.004959534
.005225123
.005804080
.004936108
.005057919
.006183014
.006275701
.004605080
.005991359
.003886211
.005159329
.005991633
.004732118
.005280049
.005563234
.005422979
.004510146
.004555314
.006237750
.004648359
.005908234
.005675281
.004723877
.005139252
.004749494
.004500892
.005624894
.004883869
.005736303
.004686179
.005844222
.004744541
.005145267
.005615650
.005621641
.005143357
.006368431
.005442723
.005302683
.005110890
.004645855
.004563690
.005366418
.006432921
.004071955
.004974399
.005014218
.004717557
.005087275
.004654784
