.005521450
.003166503
.004680301
.005539190
.006099481
.003858386
.005152111
.005148009
.005523780
.004378699
.004749409
.006199620
.005596664
.006897388
.006118381
.004487997
.005623635
.003775948
.005366522
.006186020
.004077743
.004620856
.003632936
.004560470
.005869321
.005250095
.004941794
.004302168
.005659946
.006250884
.003512256
.004211411
.005485180
.004723715
.006026441
.004635468
.003828805
.004706367
.004122234
.004824448
.005847217
.004481912
.005337366
.005656025
.004789261
.004386235
.004871450
.004019752
.005185062
.004935414
.005941374
.005178990
.004642674
.006294123
.005357780
.004798194
.004943933
.004349189
.004530532
.004886144
.006095759
.005225040
.004808341
.005930818
.004769153
.004532822
.005696256
.005694041
.005639662
.005844730
.006152023
.004177132
.005152290
.005542965
.005731790
.005912800
.006320729
.004977024
.005548540
.003923267
.004711549
.004357424
.004840512
.004715850
.006347081
.005453201
.004746182
.004726640
.006905325
.004075167
.005756953
.006081728
.004964279
.004459766
.004312556
.005809812
.004878558
.005322288
.005077962
.005994077
.006359353
.004933295
.005627239
.004421032
.005409584
.004412903
.003905646
.005474014
.004352292
.005232420
.005180804
.005810236
.005186530
.006371198
.005139831
.003710191
.003933462
.005788722
.005841008
.005837333
.005369174
.005016870
.005528432
.005184002
.005395779
.004632396
.005736778
.005039130
.005750405
.006540457
.004384798
.004672573
.005094291
.005553078
.006215821
.005987797
.004874637
.006038234
.005965848
.004233363
.005315439
.005688991
.005540082
.005754016
.004640395
.005932771
.005653931
.004345150
.004232407
.005627891
.004564868
.005699098
.004707221
.005952290
.006680455
.005615697
.004746001
.004382393
.006123997
.006761957
.004913223
.005366669
.004922102
.005407043
.005436763
.004984184
.005103761
.005135529
.005627556
.005347100
.005489817
.004479318
.004432266
.005533805
.005453552
.006426136
.006069491
.005296020
.005188473
.005775350
.005148144
.004481896
.005847605
.004122703
.004026317
.004150566
.005364976
.004703931
.005522332
.006059117
.005143014
.004619055
.005604825
.004183149
.003989043
.005208290
.005162755
.005758081
.004999090
.005202197
.004927670
.005962614
.004884085
.004321858
.005319643
.005216932
.006511265
.004434487
.005215908
.004830019
.004996713
.005903302
.004850932
.006046761
.005005926
.005605940
.005084787
.004025290
.005183649
.005247993
.004781431
.004841155
.005923406
.005541305
.004453564
.004590225
.004474096
.004517987
.005378235
.006754073
.003460117
.004501691
.005275061
.006193963
.004947993
.003326135
.003945719
.005013561
.005219460
.004757761
.005020179
.005053446
.004874484
.003603435
.004387305
.005223013
.006005530
.005908349
.005336424
.005605619
.004610976
.005655596
.005053358
.005064573
.004505644
.006280453
.005114480
.004750916
.004648095
.005456779
.005678647
.006282035
.006285791
.004483257
.004071644
.004950521
.005403431
.006048810
.005200373
.005400422
.004958957
.004690767
.005722259
.005328413
.004628248
.005773801
.005385161
.005872227
.005722458
.005951016
.005634829
.006746641
.005115192
.005580650
.005087890
.004524104
.005883720
.005600341
.005350822
.005922911
.005207234
.005311780
.005840013
.005257848
.004704114
.005057863
.005678680
.004317474
.004437272
.005302805
.005033186
.006763765
.005628878
.005417833
.004969803
.005017671
.005235795
.005143057
.006006030
.005279776
.005490618
.005941749
.003390767
.004563632
.004405743
.005321339
.004009296
.006263080
.004907907
.006985732
.004589385
.005103977
.006908422
.005142071
.005246978
.006046742
.004320369
.003835207
.005493586
.005188618
.004490144
.005769010
.005507625
.004859249
.003992810
.004501716
.005600535
.005170385
.005557836
.005052375
.005884391
.004765432
.004649823
.005338214
.004591160
.004227224
.005312361
.004910462
.006302629
.005021265
.005942146
.004930074
.005526702
.004372994
.004498487
.005139551
.005217361
.007143616
.004294626
.005088609
.004196603
.004825716
.004424617
.004250578
.004559410
.004678138
.005925981
.005265950
.003414767
.004609992
.005264894
.006322868
.004548426
.004619581
.005048833
.003503546
.005817616
.004272911
.006548780
.003773792
.004198556
.005136609
.004860749
.004234802
.004443449
.004918401
.005152348
.004162453
.004991466
.003673370
.004582606
.004997763
.005588254
.005666109
.004724391
.005156699
.005846933
.006331523
.004257312
.005238872
.006003005
.005122346
.005281949
.005792433
.005229893
.004755609
.006211740
.004659117
.005669119
.005569281
.005555457
.004437353
.005224254
.005554761
.006065610
.004266379
.005550128
.005084112
.004849676
.005690878
.005744834
.005456918
.005922827
.004711627
.005483491
.005136807
.005943822
.004919833
.005415562
.005405216
.004692895
.005596050
.005983743
.004304615
.005583572
.006803907
.005564442
.005239973
.005059071
.005914155
.005072003
.005881513
.006432303
.005084840
.003421758
.004681998
.006865201
.004792338
.004895382
.005040163
.004925211
.005260577
.006166223
.005090947
.004266972
.004838781
.004509210
.005077819
.004494691
.006451944
.005707517
.005170074
.005318137
.005713458
.005389162
.004862574
.005137355
.005903292
.005763455
.005998571
.005303818
.005502450
.005065888
.004217477
.005745890
.004935241
.005340916
.004682649
.005734022
.005462258
.005606630
.004951212
.005223535
.004820829
.005476869
.006052528
.004046533
.005244765
.005938419
.003378507
.004000879
.005910295
.005483566
.005869438
.005040331
.004968832
.005569656
.004994083
.005524465
.004541863
