.005936696
.003327261
.004858894
.005130607
.005497079
.006050753
.006359877
.004793156
.004362180
.004430089
.004923516
.004352072
.005907224
.005472934
.005850575
.005331454
.004874780
.005568333
.005126162
.005470109
.005753971
.005264051
.009907287
.004497457
.006941511
.004777707
.005522203
.004857663
.004070103
.006312469
.004534629
.006158034
.005458695
.004770394
.004891976
.004587726
.005295460
.004355331
.003509489
.004085856
.005206626
.005665049
.004706087
.003910138
.004965330
.004871397
.005218079
.005579937
.005134791
.005309241
.005118311
.004707556
.005841533
.004830935
.004024074
.005304122
.004634589
.005985435
.004869341
.005169243
.005979604
.005644912
.004838277
.004937011
.004808059
.005047074
.005016012
.004822784
.006732708
.005610567
.004639118
.005210946
.004746622
.005180223
.006097260
.005870595
.006275856
.006027403
.003964713
.005327552
.004773074
.005175212
.004105028
.005602242
.005845249
.005251786
.006065548
.004817524
.005992480
.004973133
.004813384
.005935938
.005711338
.004596932
.005312978
.006495088
.005163649
.005317156
.005513765
.004194962
.004303684
.005049884
.004505981
.005512462
.005257278
.005211066
.005894181
.004270355
.005192664
.003773758
.004061769
.004544216
.003309313
.003345978
.003709445
.005066334
.006017885
.005590874
.005237063
.005561580
.004712699
.004845714
.005883760
.004737923
.004830793
.005129894
.004748487
.004400965
.005081717
.004987785
.004249244
.004890735
.004481962
.004146269
.005450304
.005834261
.005180296
.005303628
.006176301
.004297846
.003676548
.003871871
.003329454
.003336319
.003329669
.004298333
.005544704
.005425613
.004789145
.004108973
.004235639
.006168028
.004821763
.005392042
.006416174
.005239657
.004063992
.005282647
.005568525
.004754133
.005865704
.005902586
.005717269
.005219941
.004487270
.004583989
.005359002
.005563207
.004334235
.004452628
.004600633
.003923598
.005122359
.004961168
.005283427
.005880774
.004641091
.005347260
.003756722
.005919904
.004305342
.005442253
.005802737
.005868091
.005038493
.006185140
.005137249
.005121987
.004713014
.005763965
.005237545
.005168515
.005913818
.003696511
.005387692
.008550814
.004141658
.004787046
.005001707
.005095066
.006576716
.005780940
.005066017
.005057339
.005367176
.005208923
.004337168
.005128332
.006316432
.005933572
.006153909
.005192100
.004654229
.004356694
.005291854
.005475863
.005906521
.006616100
.004513561
.005805837
.005508152
.005574442
.005041015
.005109892
.005762640
.005289700
.005495723
.005055953
.006039314
.004431615
.004759775
.003528722
.004024678
.004694176
.005997167
.005205789
.005618418
.005626361
.005868680
.004819171
.005493647
.005967267
.005525341
.004244494
.005170434
.004545021
.004595735
.004334192
.005836610
.005290514
.004356446
.006093809
.006350958
.003817111
.003963382
.004972706
.005900152
.005502662
.005132377
.004815962
.005316127
.005631743
.004109328
.005150988
.004666768
.005842756
.004725121
.004940099
.005128166
.005886476
.006150300
.005220175
.004747997
.005183366
.005018603
.005468855
.004574341
.004385005
.004642088
.006257152
.004416741
.005645460
.005086975
.005466796
.006051373
.005201281
.005092540
.005633539
.005184073
.004523720
.004596409
.005671673
.005428414
.006292965
.005403978
.005059707
.005322359
.006078759
.006135810
.005553112
.004515581
.005544312
.006154530
.004973614
.005149897
.005307844
.004249365
.004652073
.005042560
.005458939
.004608951
.003984041
.003753678
.005271966
.005684835
.004604000
.005262586
.006300538
.005390585
.004977570
.005952305
.005519549
.005553779
.005003289
.005014154
.004622542
.005546190
.004974672
.006273419
.005577510
.004630773
.005633330
.004086307
.005035017
.004409886
.005302249
.004482576
.004447053
.004033798
.005592926
.004840105
.006036175
.004654042
.006286178
.006307356
.005976832
.004764654
.005250906
.005171118
.004966067
.004809809
.005429417
.005200736
.004823161
.004864930
.005360292
.004924046
.004142043
.004922343
.005938410
.003896976
.006263712
.005024803
.005462496
.005679399
.005290593
.004517877
.004292398
.004744109
.004813493
.004071238
.003225423
.005068794
.005440275
.004621371
.006170778
.004603934
.005162498
.005205838
.003962001
.004926791
.003771933
.005742923
.004406159
.005465151
.005171786
.005477134
.005860070
.005366096
.005612798
.004134153
.004728879
.005813133
.004670550
.006017871
.005187876
.005013171
.004454850
.004383797
.005611609
.004785454
.005651365
.005662918
.004675371
.006051897
.006125955
.005766863
.004787835
.006612672
.004518892
.005250698
.005303791
.004380922
.005997187
.005999441
.006638395
.005441453
.005719286
.006330218
.005037539
.005246966
.004612118
.005340998
.004139547
.005520498
.004691426
.004559715
.004339804
.005421555
.005112839
.006263769
.005191167
.005457876
.004642335
.006172187
.005564578
.004359248
.006194218
.004675676
.005182523
.006189631
.005136286
.005568594
.005510325
.004630106
.003394557
.004120312
.004563286
.005128826
.005139721
.003355776
.004972305
.006196689
.005085734
.004950167
.004942934
.005120389
.005566117
.005338807
.005136033
.004756256
.005636639
.005112233
.005521477
.005008048
.004428242
.005159176
.005947570
.005280300
.005350383
.004493081
.005903287
.006774062
.005227268
.005853434
.004731627
.005878260
.004493655
.005835204
.004261293
.004770556
.006052035
.005759423
.004671585
.005836445
.003822681
.005755408
.005743631
.004921697
.005472325
.005518362
.006047796
.004972935
.006257469
.005199918
.005007789
.006105370
.004317232
.005130227
.006162917
