.005067028
.003298465
.003746524
.004236877
.005472113
.005727635
.005246476
.005468084
.004503829
.005347331
.003942841
.004307817
.005041081
.005274631
.005851761
.004785178
.005853297
.004950364
.003908762
.004737320
.005451965
.006220590
.003720617
.006313265
.004750651
.005390210
.005833999
.004636647
.005110490
.004213814
.006565021
.003768367
.004575288
.005194239
.005101322
.004530530
.005711534
.004944963
.004892911
.005990146
.005755733
.006122885
.005248340
.005348473
.006943407
.005547175
.004956354
.006237615
.004436425
.005201679
.005022389
.006313091
.003330802
.005199492
.004241976
.006057719
.005972740
.005009448
.006140231
.003957010
.004124356
.005359508
.005292754
.004179876
.005722757
.005400966
.005406870
.005732414
.004244803
.004923055
.005401988
.005963132
.005521757
.004872904
.005008149
.006214133
.005079078
.005714976
.004975269
.005063880
.004307606
.004949854
.005278973
.005648248
.005182976
.004875594
.005133606
.006122727
.004349204
.004420775
.005437760
.005329054
.006250618
.006515323
.005649248
.006796451
.005134560
.006035445
.005612434
.005935396
.005148565
.004772697
.005926513
.005230199
.005913274
.005355165
.005542918
.004694947
.005318739
.004130558
.004528999
.005566948
.006060690
.004070085
.003863070
.004966115
.004151520
.004635289
.006395067
.004231221
.004934751
.005525682
.005065713
.006266163
.005391499
.006291207
.005216724
.003961091
.006966121
.005678891
.004411965
.004277638
.004783073
.005893291
.004869133
.005936380
.005403558
.005047324
.006015627
.005273874
.006018451
.005437963
.005464073
.005248161
.005432995
.005695607
.005354078
.005107164
.007075158
.005364901
.004889406
.003496420
.005485593
.005164187
.006173480
.008877392
.003705979
.005209314
.004410581
.004467252
.005575392
.004238120
.006442845
.004301684
.004930470
.003111262
.004615354
.005881419
.004669348
.007331839
.004262846
.004681770
.004477634
.004494170
.004425336
.003844082
.004456984
.006173886
.005043045
.004140714
.005696143
.004815272
.005998574
.005708151
.005278870
.006181440
.005164595
.006434117
.005145081
.004210743
.004970903
.005348832
.005024655
.006340110
.003408772
.004985597
.004416021
.006755190
.004491709
.004155665
.005969652
.005175333
.005493100
.003983917
.004438606
.006134059
.004792073
.005045204
.004848516
.006009083
.005598205
.004636043
.005523238
.005463645
.005513229
.005395768
.005427708
.005896053
.005658240
.005108901
.006200158
.003703885
.003935057
.005788940
.005021608
.005466103
.004595684
.005377679
.006072498
.005805247
.005484348
.004912783
.004970791
.005321521
.004948116
.006076246
.005280262
.005832903
.005077497
.005087982
.005854426
.004495478
.004534626
.004742516
.005489588
.004772772
.006117679
.005611228
.004806999
.005760019
.005367659
.006248870
.004157815
.005022874
.005256524
.005444803
.006268339
.005260569
.005336393
.005540458
.006349420
.006053883
.004788136
.005378353
.005162106
.005233393
.005911620
.006048849
.005623919
.005091156
.004223001
.005129067
.005246396
.005977161
.005290564
.004666758
.005374190
.005411560
.005134157
.006072927
.005931694
.004179196
.005439646
.004330358
.005211599
.004436736
.006057598
.005934674
.005816411
.004476547
.004397770
.005701787
.005196233
.005408903
.005668521
.005811898
.004986992
.004721118
.006315535
.003245507
.004382431
.005672160
.005412459
.005826343
.005480044
.004973851
.004772760
.004159010
.004999838
.005056726
.004857181
.006253321
.005001119
.004824152
.005463757
.005334645
.004514968
.005617693
.003748447
.004427616
.005148283
.005680501
.005348800
.004912679
.004830779
.005371508
.006669404
.004991599
.005272325
.004440508
.004953857
.005202944
.004674947
.005802733
.005899008
.005993824
.006289686
.004501584
.004971338
.005989109
.004890290
.005047449
.005130522
.005102246
.005210353
.005935475
.003298374
.003785273
.004948244
.005438917
.004352032
.005761730
.004593878
.005263460
.006125169
.004930351
.005337424
.003780487
.005435493
.004787341
.004922603
.005925785
.004290160
.005381246
.005950526
.005617786
.004259789
.004549278
.004143783
.004224091
.004428648
.004948620
.004386354
.005431379
.004174641
.004888436
.005329268
.004896910
.004470979
.006069260
.004324873
.005222256
.005883842
.004972622
.003784584
.004914204
.004845409
.004642648
.005139002
.005752915
.004671476
.003349330
.003888749
.005140656
.005218177
.004662222
.004461134
.004598147
.005568660
.004703449
.005769588
.005504740
.006288004
.005076475
.005813012
.007256077
.003068447
.003581159
.004940764
.005121590
.004629574
.004904075
.005181243
.006616807
.005528343
.005246797
.006214717
.005840087
.004287815
.004378464
.005089465
.005795289
.005905354
.004749167
.005560924
.004230203
.005404768
.005525924
.004728275
.004263596
.004399543
.005082518
.004405620
.003778123
.003584194
.003371183
.004825671
.004646332
.003799877
.004629687
.004613733
.005670171
.005659142
.005717482
.005940642
.004742904
.005275288
.004815999
.005225384
.005120411
.003971079
.004440586
.005182674
.005525996
.006721762
.005438635
.005257696
.005054390
.005639450
.006469677
.005326657
.005551475
.005034577
.006735172
.005909412
.006191153
.005071425
.004732967
.005282448
.004592474
.005819600
.006260426
.005268292
.005265104
.004984729
.005002737
.004697613
.004850544
.006031692
.004911137
.004496838
.004649176
.005123903
.004878294
.005242854
.006063447
.006082898
.006223957
.005600566
.004625768
.005735760
.005158567
.005822164
.005654043
.005623113
.004930763
.005960673
.006445151
.004210603
.005934017
