.005155192
.003358461
.004190246
.004066585
.005530561
.005193452
.003758905
.004365348
.005286206
.005863705
.004856927
.005185216
.005954983
.004330977
.004275385
.005474815
.005862282
.005528727
.005341125
.004465314
.005103989
.004100043
.004943867
.006009657
.003247172
.006238140
.005246408
.005888303
.004644311
.006869793
.004356175
.005514777
.005291708
.004915199
.005648120
.005412836
.004685864
.004726581
.005929270
.004506108
.005322682
.004668809
.004913964
.004090363
.004607662
.003932798
.003277934
.004722638
.004677078
.005962128
.005106782
.005156756
.005947333
.004170002
.005048446
.004979309
.004925616
.004926380
.005031417
.004643657
.004099440
.005416800
.005361731
.005218660
.004458345
.004623766
.004788277
.005714584
.006567199
.006043858
.004322759
.005129283
.004628929
.004951755
.005318681
.005795043
.005158988
.004433865
.005690607
.004686067
.004695645
.004751019
.005322409
.005181602
.005631843
.005176567
.005307816
.004951976
.005882285
.004490644
.005505534
.005391321
.005692305
.004951280
.005129670
.005982749
.005695554
.006013829
.006077968
.005550497
.005088878
.005199040
.005759605
.005199658
.006390425
.005377819
.004615445
.005426762
.004614708
.006013988
.005694193
.005889061
.004710802
.005768471
.004602587
.006257852
.004827944
.005304191
.003954795
.005702956
.005515864
.005503262
.006229924
.005259351
.005871163
.005490198
.004679083
.006173341
.005591283
.005123421
.005333367
.006748275
.005549383
.005293531
.004614155
.006042820
.005909124
.003544285
.004716470
.005007751
.005156917
.004957336
.004795905
.004602072
.004557510
.004526605
.005732724
.005406531
.005651369
.005001124
.005990751
.005335639
.005475990
.004360469
.005975529
.006238765
.004475164
.005219963
.005205697
.006415180
.005266262
.004994744
.004690486
.005000417
.004762261
.005164933
.005112899
.005779940
.005921796
.005937551
.006122166
.004600324
.006272959
.005883411
.006140799
.005643471
.006142936
.005078748
.005154571
.006233941
.005585424
.005558865
.006049891
.005433039
.005218686
.004540267
.005285004
.005366718
.005776387
.004408408
.004956650
.005337109
.005006327
.007443751
.003785998
.004468197
.006356207
.006183887
.005629965
.006061335
.004203224
.004711288
.004553568
.005092059
.004809090
.006284634
.005174475
.004738019
.006316273
.005288024
.005035385
.003846640
.005972337
.005471205
.006868885
.005337843
.005398521
.005916143
.006699851
.005185144
.006012857
.004973468
.005628785
.005049472
.004702974
.005177038
.003992359
.004923712
.005771794
.005121018
.005599984
.006366757
.005202981
.004888239
.004311025
.005710403
.004520901
.005876459
.005117040
.005586140
.004915295
.004390774
.005432628
.004298417
.004464228
.006007914
.005564468
.004689705
.005598516
.005153329
.004989543
.005267245
.004761481
.005749603
.004456655
.006401364
.004887544
.004853745
.005561023
.005516821
.004769072
.005577821
.005335719
.004566004
.004382921
.005629886
.004953655
.005310049
.005924295
.005426559
.006529212
.004851657
.005407583
.005079024
.005533109
.005306792
.006273600
.005249206
.005501931
.005814211
.006174508
.005923025
.005111033
.004758051
.005812269
.005411309
.005831256
.005933236
.005501375
.005604001
.005107227
.005606009
.005543635
.005923293
.004919043
.005464458
.006518687
.004947297
.006064266
.005585835
.004838211
.005912842
.004329573
.005476531
.005732137
.004670284
.005715051
.004459119
.005150922
.005970997
.006221377
.005325980
.004980372
.005869638
.003713277
.005319574
.005010791
.005423247
.004581558
.006131035
.005189611
.005237816
.004711593
.005586281
.004689302
.005600872
.005500719
.006199974
.005332249
.005561628
.004857833
.005648461
.004305017
.005215888
.005687283
.005401663
.004862614
.004230716
.005706709
.005184410
.006357016
.004638964
.005035413
.004612832
.004955762
.005909408
.005133141
.004619278
.005479230
.004505586
.005190217
.004817316
.005867248
.006099465
.005124640
.005409987
.006045686
.006698149
.003724646
.004870733
.005999313
.003740087
.005711220
.005507480
.006243583
.005490950
.005033924
.005362917
.004680421
.004931145
.005678111
.005880860
.005232188
.005860807
.005071686
.005612287
.006097654
.004291519
.005740110
.004143556
.005096116
.005460065
.003165299
.003966146
.005208514
.004659835
.004738479
.005458600
.004196198
.005469976
.005655585
.004472634
.005573462
.005512096
.005556239
.004033127
.005281521
.005235719
.004903036
.005162407
.005128725
.005026611
.005530612
.005688424
.003990131
.005749330
.005349347
.003532835
.004061348
.003282371
.004321022
.004468939
.005309564
.006286833
.005523680
.004657546
.005608530
.004477577
.005939607
.004252892
.005605526
.005001455
.004432555
.004669925
.005476927
.005420266
.006332189
.004111846
.005894857
.004951276
.005787551
.005711231
.004724877
.004905614
.003314636
.004531192
.004919619
.005162056
.004735533
.004535140
.005150295
.005525731
.005793433
.006539474
.005326432
.005117187
.005642082
.005480750
.004639178
.004484436
.003825198
.005101705
.005378375
.005165033
.004572385
.004652445
.006237591
.005388339
.005942842
.004684194
.006123239
.005441332
.004664714
.006008655
.005329210
.005112202
.004402876
.005346539
.005186132
.005242937
.004669779
.005745988
.004458873
.004769407
.005011684
.004494712
.004790240
.004603611
.004600797
.006124429
.004851995
.004895809
.006089354
.004598037
.004724279
.006106043
.006363425
.005485255
.005503014
.005913711
.005125012
.005434436
.005279212
.005091467
.005544513
.005014015
.006011257
.005247620
.004936108
.005214467
