.005061163
.003469930
.003860155
.005258995
.005456569
.004756571
.004358680
.004641361
.004776761
.005042636
.005656721
.004998846
.005488402
.005009492
.005182850
.005125691
.005867832
.005471405
.005873534
.005956416
.005143267
.007587798
.003895373
.004480763
.005847646
.004130431
.005067040
.004521753
.004567395
.003547980
.005445692
.004846986
.005434053
.005939054
.004415599
.003635583
.003960782
.003954531
.004948892
.005180869
.005939067
.004661280
.004425867
.005183585
.005633035
.005137076
.006257234
.004627674
.005582324
.006388270
.005466219
.005118480
.005842674
.006063986
.005681340
.005276974
.005378709
.005060455
.006286939
.004533633
.004868827
.004971428
.005925929
.004911211
.004882490
.005093026
.005371750
.004901954
.004345739
.004228765
.005296185
.004761627
.004987037
.005902771
.004922822
.005575063
.004938489
.005770289
.004848311
.006350859
.005520557
.005410023
.005690573
.005679297
.005106234
.003751642
.006108201
.005535063
.005008130
.005648026
.005883265
.004366953
.005987360
.004643802
.005715601
.004941460
.005869448
.005195164
.006472362
.005552128
.005115356
.005182302
.005544202
.006008304
.006365697
.004016891
.005446346
.004801143
.005605187
.004986014
.005631466
.003720024
.005502732
.004780072
.006556336
.006491675
.004957001
.004417698
.004616683
.005262964
.004969792
.004588227
.005276805
.006682068
.005288916
.004827947
.005352429
.006208427
.005666666
.005177206
.004891036
.004983650
.005114343
.005585011
.005023480
.006394358
.004477627
.004648059
.005234839
.004995697
.004631422
.005014381
.004345746
.003626205
.006531979
.005364670
.005330612
.006488212
.004360542
.003777740
.003559980
.003202277
.004739701
.004823757
.004427504
.004381125
.005311693
.005246440
.005008485
.005963985
.004217974
.004185431
.004950513
.005083188
.005026010
.006175732
.005339453
.006080448
.005037259
.005416865
.005211244
.005046092
.005376596
.007073185
.005101894
.019741145
.004418266
.003780390
.003423726
.003524739
.004058913
.005423300
.005821489
.005845483
.005602416
.006202270
.005217227
.005190727
.005542722
.005923550
.005673255
.005529369
.003585272
.005111928
.005240836
.006034301
.005597385
.005258357
.004730123
.005625885
.004828988
.005879182
.004296427
.005536348
.005251659
.004648109
.004504577
.003936133
.005435246
.004179324
.005485799
.004556453
.004974699
.005879818
.004921206
.004738206
.005225653
.004021401
.005444794
.005745550
.006148148
.004984071
.005059491
.004633297
.005766145
.005497589
.005199220
.005164612
.004043990
.005383518
.004474897
.005820957
.004555897
.005290095
.004891768
.004729905
.006382212
.005727345
.004594706
.005941602
.005280592
.005519574
.005553356
.004727022
.005352447
.005165262
.005916279
.004671949
.004876280
.004844053
.006517988
.004707786
.004609294
.005742763
.004787677
.004338119
.005190959
.004191967
.004634662
.004310431
.005110664
.005713963
.005050878
.004694223
.005363985
.005690122
.004787890
.004961326
.004558658
.004981718
.005438740
.005609230
.005005103
.005765633
.005926603
.004785073
.005377192
.005090940
.004969067
.005541580
.006422631
.004658156
.004741293
.006000594
.005312273
.004783505
.005560168
.005431869
.004776674
.004841756
.004553748
.005671196
.005935768
.005606521
.005294228
.005194011
.006119386
.005443716
.006121154
.004582556
.005181541
.005279924
.004565699
.005547702
.006292792
.004021924
.004345397
.005489318
.005622055
.005533710
.004912216
.005942874
.005128338
.006120899
.005754044
.005671257
.004937625
.004041708
.005855395
.004527887
.005344565
.005279346
.005141516
.005919122
.005219809
.004885397
.004577123
.005204463
.005601269
.004855712
.005190984
.005148235
.005295611
.004643651
.005019050
.004263159
.005211698
.005955546
.005542247
.005786781
.004671413
.004902961
.005469035
.004247916
.006199375
.004196086
.003582787
.004900443
.005858878
.005420759
.004282813
.005938704
.004656745
.006094225
.004659797
.006041404
.005269584
.006852739
.004283644
.004879464
.004338333
.005815244
.005862403
.005007711
.005945707
.005345040
.005844783
.003358647
.003377371
.004909966
.005104770
.004190497
.005311981
.004211701
.005525965
.005607151
.006425555
.005547547
.005971118
.004877236
.004913427
.005048826
.005656018
.006141521
.005126735
.005896989
.005889387
.005158580
.005216793
.004997941
.005451016
.005444762
.005955415
.005728854
.004154272
.004512517
.005972323
.004885799
.004218193
.004332734
.003993019
.004416803
.005268946
.005417109
.005066860
.005955961
.004504445
.004440356
.005879336
.003644500
.003353356
.005380895
.003933620
.005255271
.006685828
.004886478
.004628221
.005618678
.005099606
.005721863
.006655996
.005358490
.006383766
.005529910
.005054342
.006401694
.004061160
.005429217
.005275372
.005351637
.005231094
.006372776
.005138047
.005002847
.004081269
.004579740
.004904089
.005688105
.005194099
.004933293
.005922345
.005843156
.004629751
.005874814
.004445411
.004243476
.005350925
.005363680
.004523242
.003956467
.006045907
.005311736
.006783467
.003172206
.004691599
.004656434
.005364018
.004900778
.005441423
.004751708
.006204881
.006659504
.004839431
.006012971
.005124380
.005150360
.004540264
.005293016
.004383343
.005613587
.006284463
.005104437
.005146706
.004868157
.004913113
.004917494
.005225614
.004389414
.004097971
.004479845
.005728053
.004880320
.004358600
.005748480
.006107586
.005287844
.005524405
.005748132
.004828106
.003479279
.004769448
.004696546
.004239627
.005349502
.006024241
.005017277
.006117054
.004432878
.004464422
.006288670
