.005152505
.003373444
.004071713
.005533109
.004177673
.005952548
.005602381
.005841280
.005175937
.004769437
.004526045
.004838587
.005919123
.004580699
.004911036
.005661067
.005180702
.004887218
.005238251
.006647899
.004890983
.004775800
.004302402
.005823126
.004370104
.004862408
.005541950
.004367238
.006546232
.004024573
.004407541
.004516638
.003831400
.006396065
.005367760
.005308483
.005671493
.005310616
.005086245
.004026016
.005658140
.005045228
.006272011
.004211307
.004863386
.005692155
.004893915
.004821310
.006636558
.004875062
.005435848
.004877184
.004653970
.004813829
.005422221
.004641235
.006512206
.005727213
.005739955
.005364674
.005133632
.005095044
.006128070
.005556043
.005431864
.005457085
.005142773
.005214166
.005730671
.005604892
.005428540
.005438928
.005000616
.006197081
.006420257
.004715325
.005317209
.005098230
.005185915
.005622627
.004701123
.004660682
.005213629
.004569402
.004247768
.005904098
.005174874
.005057101
.005787650
.004788946
.004453372
.004883381
.005550144
.004444570
.004335613
.004423089
.006059404
.005240446
.004146371
.004917169
.005270899
.004977264
.004688183
.003837779
.005209170
.006081088
.006010715
.005610814
.005829087
.005985408
.006030751
.005637860
.005224272
.004718909
.005881871
.004949004
.005932454
.005020931
.006019343
.005075428
.005899581
.004950389
.004709849
.004965453
.005770896
.005212816
.005134337
.005474174
.005581814
.006391675
.005535111
.005382245
.004877994
.005564165
.005604680
.004965145
.005453824
.005616211
.005457030
.006059367
.005592247
.004444118
.004587927
.006120324
.004394767
.005115086
.004157771
.004612927
.005278199
.005574285
.005585930
.005655036
.005954320
.005073792
.004788806
.005616252
.005865015
.004953109
.005276968
.005967663
.005571382
.004799007
.004783722
.004348989
.004942430
.005225397
.005405718
.005208787
.004857492
.006302345
.006275289
.006468297
.004855265
.003233635
.005101082
.005255612
.005366384
.005143043
.005374066
.004505375
.005152036
.004875074
.005618549
.005695783
.004671501
.005378630
.004059950
.005541848
.006144504
.003878242
.006024642
.005465343
.005505050
.003729120
.004892775
.006210474
.005080939
.005142676
.004970681
.005008019
.005411633
.004183165
.004770405
.006193085
.006369612
.005587602
.004369819
.005848794
.005560467
.005049944
.004719748
.005563729
.005549587
.004588748
.004748162
.006545948
.004751951
.005087588
.005260356
.006006736
.004308612
.004186884
.005325467
.005021658
.005642452
.004311876
.003824029
.005658762
.003836490
.004860050
.005724148
.006417195
.006008180
.006055865
.006082615
.005910054
.005645659
.004771911
.004603452
.005137606
.006392421
.003970551
.004970100
.004498688
.004650580
.004880990
.005115855
.003388517
.004038868
.004896277
.006019449
.005246842
.005826052
.004681387
.005537347
.006458345
.006254116
.005828309
.004430120
.005372745
.004745789
.005048614
.004589861
.004740468
.003838051
.005587827
.005551469
.005979624
.005813816
.005210841
.004852256
.005803445
.005002580
.005284254
.005552977
.005105241
.006236120
.004731845
.006102035
.005225768
.004331673
.005201424
.004735039
.004239317
.005058286
.004563657
.005668913
.005384567
.004445011
.004708989
.004436128
.006368818
.004470185
.005502814
.004882751
.006180040
.004300031
.004112895
.005290972
.004755052
.005139760
.005564258
.005735597
.004746288
.004670701
.005747419
.005994318
.005101455
.004838795
.004265493
.005438067
.004624851
.005100960
.003988299
.005868025
.005803054
.005574480
.005309623
.005896046
.006776014
.005091999
.005922002
.006511321
.003935801
.004714572
.004647372
.005528030
.005506809
.005829858
.005606499
.005259235
.005794250
.005313871
.004669703
.004418197
.004995956
.005657420
.005980646
.004459685
.005520647
.005308497
.005979472
.004641469
.005699659
.005515925
.005902802
.004913774
.005658750
.005891479
.006014260
.005176608
.004834588
.005144195
.005531157
.005978837
.006182254
.004492020
.006012710
.004374301
.004943959
.005121265
.005067345
.005255750
.006904236
.005085580
.004389075
.005263497
.004656904
.005252369
.005539602
.005281358
.005734048
.006053293
.006216513
.003925505
.004681372
.004682055
.003897955
.004869119
.004911405
.004654147
.005514891
.004422253
.004871682
.006521548
.005230429
.004072834
.004462925
.004630357
.005365515
.006398437
.005969228
.006792326
.005738852
.004108118
.005152010
.005724056
.005824409
.005196652
.006111334
.004611020
.005692658
.004673086
.005855610
.005161910
.005386293
.004744729
.006362630
.004744266
.005351431
.005479379
.005169471
.005317486
.005902082
.003514522
.003946909
.004690563
.004932702
.005644792
.004959664
.005688332
.004771705
.006182112
.005943463
.005802648
.004635691
.005294905
.003959621
.005324469
.005851915
.006480172
.006326326
.005826672
.005881108
.005275215
.004258062
.006278491
.006258918
.005481505
.004224175
.005810846
.004951881
.005221893
.005676041
.005476102
.005646408
.005999034
.004666348
.004431262
.004846327
.004604530
.004087593
.004826971
.005485833
.006506768
.004723736
.005716529
.005596428
.004183308
.005684824
.005660057
.005119102
.005604832
.004579364
.004489551
.005796791
.005521973
.005605610
.006586380
.005153062
.005509228
.006197494
.005553488
.004676074
.004268568
.005289530
.005132754
.004746299
.004921699
.005962402
.005841724
.004743969
.004392408
.005232039
.005718833
.004687031
.004680841
.006072861
.005539876
.004923889
.005036887
.005172924
.005753042
.004913740
.005695729
.005265140
.005620350
.005468889
.004057520
.005506950
