.005190961
.003484832
.004051897
.005404708
.005600379
.005140362
.006209726
.005907196
.004976445
.005968644
.005082364
.003730160
.005135450
.004309999
.005604331
.006683623
.005686966
.005961860
.005742163
.005714518
.005672582
.005186478
.004255929
.005836784
.004257282
.006271053
.005355836
.006821373
.005016783
.006663531
.005055213
.005863272
.006221258
.004601885
.005677718
.005339387
.005709976
.006120034
.005242767
.004859136
.005402460
.004474448
.005691224
.005518127
.004198885
.006247534
.005936794
.005528006
.004912694
.006038997
.005538145
.004625989
.005161194
.005679033
.004694569
.006072526
.006420405
.003461698
.004944621
.005256010
.004330194
.005842031
.005636600
.003927858
.004259707
.005770067
.004632074
.005522279
.005970682
.004750927
.006138695
.004254837
.005161710
.004524443
.005746469
.004688310
.004689764
.003502222
.004032465
.005233942
.005026282
.005949924
.005990891
.005030738
.005127023
.005463755
.004811501
.004037780
.005554097
.006484753
.003861672
.006040680
.004856130
.005085490
.004852832
.005513146
.004997613
.003434355
.004907438
.004665643
.004810204
.005030876
.004680255
.005501292
.006413853
.005095188
.004685001
.005987806
.005485825
.005429282
.005755768
.004751444
.006287411
.004792676
.003811917
.005863654
.004551505
.006079322
.005257426
.004065405
.005017016
.004913404
.005338785
.004712203
.003473457
.003327648
.003373358
.003643667
.005450538
.004548910
.005567761
.004787031
.004755684
.004241073
.006386745
.005264048
.005570142
.005453111
.006038246
.005097279
.004048336
.005233403
.006136729
.005638084
.004611586
.004502275
.006481912
.005968158
.006178045
.005934197
.006368779
.006278204
.005704925
.005689295
.005623429
.004649846
.005909694
.004870633
.005232118
.004920828
.004425999
.004984756
.005205987
.004900234
.004731209
.004966904
.005455764
.005700953
.003211298
.004735545
.005672793
.005918577
.006038823
.003433924
.004593445
.005116167
.006080160
.003209883
.004659932
.004760345
.005794038
.005222231
.006553446
.004978037
.004718564
.006029967
.005810891
.005024451
.003445593
.005264737
.004804537
.005509574
.005260664
.004989970
.004814870
.012624801
.005917509
.004831188
.004857248
.004232218
.006113872
.005016891
.004897088
.004242882
.004261345
.004962686
.003814054
.005975745
.006774055
.005354545
.004842932
.004204077
.004339353
.005934937
.005128372
.004943089
.005511434
.004566392
.005992585
.005092158
.005585252
.007077099
.006638654
.006567955
.004042379
.004262880
.004438948
.006254120
.005757882
.005318845
.005013902
.004459688
.005433751
.006538759
.004683559
.005093589
.004972681
.005924449
.006197382
.005372414
.005446459
.005236664
.004676453
.004980403
.005537330
.005966574
.004920808
.005192872
.004436849
.004571501
.005235481
.004930995
.005093632
.004349944
.005202061
.005656175
.005509751
.005506658
.004895179
.004563202
.005510681
.005358974
.004551044
.005989811
.005083784
.004839315
.005366520
.004444381
.004837075
.005902236
.003966134
.005513788
.005590340
.005550862
.005806716
.005457937
.005205757
.006323262
.005653421
.004526192
.005092205
.005020614
.004854365
.005716284
.004087810
.005654077
.004504773
.004437163
.004986319
.005893388
.003385253
.005271831
.005304382
.004853547
.005153011
.004418121
.004989654
.004887718
.006281860
.006293415
.003474389
.004650606
.003959622
.003907475
.004158836
.004405370
.004851695
.005300406
.005213032
.006387546
.004790509
.005137654
.005695400
.005084847
.005612375
.004514822
.005209524
.006176530
.005891677
.005218003
.005270122
.005497267
.005985461
.005177378
.005633511
.004702607
.006514190
.005712957
.005238370
.005422499
.005817052
.006532940
.006009017
.005296097
.005731155
.005767237
.005167671
.004580158
.005031326
.005821529
.005089225
.004658443
.005880765
.004720747
.005755856
.006036155
.005033116
.003946281
.005682182
.004691763
.005247722
.004711731
.005026677
.005243353
.004701944
.005511193
.006403853
.005547412
.007042671
.003639364
.004190947
.005730029
.005072085
.004847399
.003526756
.004817011
.003960378
.005071548
.006240377
.005498580
.006393245
.005962524
.003884822
.004107284
.004010896
.004871853
.005909231
.005331980
.005426325
.004152028
.005251264
.004502736
.005121605
.004259605
.005489375
.005757264
.005987547
.005454839
.005974026
.005180146
.004697020
.004733826
.005302264
.005191052
.005147081
.006021463
.004929522
.004722882
.005233176
.005058482
.005865817
.006599537
.004391972
.005832570
.005053679
.004902800
.004512722
.004843957
.004065777
.004380744
.004386288
.004027667
.005937337
.005061117
.005244136
.005226031
.005478471
.006140815
.007026901
.004891734
.005144195
.003459660
.003345707
.004123808
.004557739
.005450725
.004704150
.006400594
.004167738
.005203879
.004527198
.004227540
.006055096
.005161253
.005251685
.006284742
.004404330
.004477352
.004655612
.004715685
.004655298
.006018919
.005869941
.006330509
.006390871
.005706581
.004566642
.005523621
.006372362
.005590738
.005620733
.006540344
.006171938
.006837615
.004667846
.005673071
.006023760
.004360806
.004868854
.006297828
.005660662
.005521976
.007137647
.004641732
.004859329
.004989901
.004907629
.003297159
.003557426
.003884362
.003977237
.005336946
.004842944
.004968000
.006288020
.006669043
.006021019
.004581425
.004562321
.005791773
.004561315
.005406771
.005477221
.005578915
.004590629
.005875848
.005230787
.004309560
.005369017
.005307908
.005717184
.005331383
.004851890
.005732444
.005042853
.005192749
.005865409
.004582791
.004646913
.005181977
