.004909158
.003359361
.004122103
.004808312
.005858831
.005197592
.004788906
.004705579
.005715338
.005512480
.004016725
.005069590
.005165656
.006661499
.005279016
.004982825
.005166311
.005861417
.005338041
.005255464
.005220916
.004618592
.004708894
.003578322
.003828097
.005395537
.005467995
.004683736
.004309391
.005310591
.005864884
.005304034
.005065987
.004272664
.005130990
.005065368
.006058576
.005246765
.004649042
.004216110
.005461273
.005990909
.004571424
.005325798
.004602809
.004970842
.004659307
.006038148
.005515333
.004663247
.005342782
.005524751
.005140553
.004225743
.005689620
.005490203
.005209517
.005010325
.005642720
.005945246
.003943406
.004565874
.005252588
.005385522
.004738388
.004406499
.005554358
.004943486
.005661329
.005128280
.005645419
.005670338
.005513725
.006900410
.004877919
.004637771
.005363673
.004547738
.003822644
.005274594
.004846836
.004722525
.005141908
.005012537
.005069786
.005419227
.006828025
.005817189
.005995556
.004915319
.004889561
.004842842
.005682097
.005602329
.005086294
.005985531
.004998486
.004969057
.005851061
.005117682
.004633520
.004974230
.004995424
.004379475
.005846200
.005955162
.006632331
.005096685
.005276200
.003676570
.005085819
.004966564
.005245906
.004990885
.004909451
.004751952
.004328110
.005303739
.005857243
.005051181
.004286652
.005446976
.005770801
.003838383
.005081096
.005688192
.006737804
.004944106
.005890893
.005036722
.006110993
.005855115
.004175007
.004906312
.006000443
.004822547
.005917736
.005494557
.005482265
.006007489
.005365202
.004710595
.004604304
.005482678
.003935261
.005285128
.006239303
.004830177
.003772832
.004256758
.004890420
.005587009
.004848619
.006463852
.005063413
.004187891
.006109292
.004772618
.006699999
.004710490
.005604593
.004872081
.004868500
.005152761
.004592658
.004889017
.004467446
.005469746
.006358160
.003907853
.005084321
.004993989
.005589126
.004892940
.005501566
.005672680
.005959786
.006274508
.005664152
.004105082
.003238481
.003259111
.004787500
.005443327
.005232843
.005584505
.004965422
.005799424
.005043459
.006149954
.005889179
.004196074
.004381854
.005977304
.003307565
.004601801
.003357506
.004478558
.004929504
.005662647
.004980598
.005426452
.004195634
.003785415
.004525766
.004711108
.005118982
.004946201
.005326453
.004490375
.004165373
.004634683
.005954712
.004584028
.004335281
.005744421
.004211664
.004595565
.005178351
.005077963
.004615356
.005168395
.005597779
.004106022
.004869833
.005025008
.005207770
.004952797
.005613086
.005904802
.004876375
.004145432
.005486852
.006354883
.004875113
.005629173
.005563654
.006110022
.005526451
.006411801
.004684305
.005378907
.006437884
.005180175
.005043247
.004934016
.004538989
.004701912
.005090139
.005973524
.004383862
.005822179
.004524716
.005787608
.005263265
.005888634
.006128172
.004641607
.004267813
.006209476
.006292202
.006610805
.005011101
.005183026
.005701191
.003801333
.005897160
.005181112
.005905399
.005419134
.005618311
.004626043
.005566172
.005879396
.004922948
.005350219
.004970444
.005508585
.005317959
.005545086
.005925326
.004711596
.004972842
.004453060
.005858860
.005183267
.005733201
.004188618
.005167045
.005239456
.005547307
.004570872
.005068055
.003952165
.005479924
.006432860
.004718832
.003822091
.005178643
.006275521
.003251057
.003306796
.003712284
.009040860
.003544864
.004530120
.004218637
.004765754
.004303967
.004535397
.005155724
.005788929
.006298845
.003865413
.004928648
.004249877
.004971948
.004620885
.004232990
.005352587
.004025937
.005496153
.005257559
.004687288
.005966763
.005301442
.004858471
.004978078
.005002294
.005495499
.004967561
.004708960
.005042970
.005551168
.006729789
.004657810
.004790490
.005546788
.006209504
.004341776
.004953126
.005945424
.004624134
.005466383
.005349342
.004367914
.005560494
.005642625
.005893854
.005213527
.005698848
.004917738
.005673536
.004658530
.005878218
.005128833
.005177693
.005404160
.004367640
.004380053
.005044753
.005117938
.004978764
.004276356
.005548603
.004599349
.005682532
.006446986
.005815856
.005919858
.005236154
.004568625
.005363247
.004624283
.005637291
.005415100
.004904352
.004237838
.004753123
.004779656
.005175551
.005327262
.004226329
.004792162
.005206390
.005265761
.004894963
.004907921
.004424139
.004639629
.005475661
.006517464
.005566293
.004930852
.005986518
.005680362
.005872257
.005477695
.004871698
.005818628
.005140292
.004402931
.004680470
.003564312
.004246882
.004672743
.004135532
.004993349
.004910914
.003757331
.004856078
.005316003
.005112677
.005541348
.003939317
.004967100
.003495649
.004563667
.004529547
.004703803
.004059698
.004886200
.005785505
.004316533
.004237627
.003512963
.004113868
.005117939
.004978416
.005887884
.005956387
.005706097
.004295322
.005474612
.005722328
.005981745
.004476844
.004655620
.005855337
.005768249
.004443327
.005140046
.006057369
.004430691
.005476275
.005045816
.004262000
.003454724
.003466529
.003872419
.004747803
.005373583
.005414179
.004957279
.004858230
.005097517
.005876545
.005510985
.005401839
.005775292
.006601515
.003780506
.005648141
.004659529
.004748888
.005551225
.004354570
.005420992
.004255180
.004505717
.004937109
.004687621
.005541523
.005089178
.005978809
.004819935
.005742406
.006088703
.005631346
.004224246
.004932624
.005762733
.004912174
.005642136
.004665531
.004876156
.004315349
.005226523
.004850125
.004486702
.004878282
.005826167
.005385128
.005288067
.005091352
.006063293
.004733781
.006338601
.004702454
.004889871
