.002974416
.003336304
.004856386
.006369221
.005126200
.005695049
.005806759
.004376539
.004472454
.004460681
.005612609
.005190953
.006035975
.006354973
.004895398
.003906887
.005014414
.006141601
.004252546
.004239704
.004616157
.004931125
.006330278
.005766481
.005805330
.004840772
.005995746
.006427883
.005601331
.005764668
.003381984
.003967778
.005011603
.004851822
.004717917
.005844431
.004349510
.006937282
.004553624
.005037397
.005630310
.006006164
.005930853
.004918518
.005445911
.004076122
.004999791
.005329709
.004873749
.003899161
.005235301
.005299773
.005046158
.005399545
.005812315
.006073647
.005210367
.005470664
.005745598
.005586415
.005575803
.005365478
.005644938
.005995416
.003834509
.005739113
.005209080
.005109698
.006466099
.005065345
.004411514
.005254628
.005200759
.005163513
.003565998
.003381720
.004189655
.004488126
.004920976
.004959333
.005790994
.005566794
.004732967
.005024380
.005215858
.005403803
.005616958
.006906183
.004149111
.005063196
.006083388
.005146118
.004753964
.005000582
.004032680
.005720220
.005891089
.005924234
.004952539
.005566627
.005136283
.004639901
.005132493
.005173156
.006194722
.004795850
.006071079
.005354321
.005722808
.005068899
.005207048
.005598308
.004727453
.005530469
.006402430
.004182757
.004519975
.006284202
.005274705
.005524816
.004555957
.005553033
.005820644
.004772838
.005125769
.005576539
.004899506
.005102161
.004744488
.005892517
.005126583
.005528364
.004714090
.005857974
.004168902
.005872420
.005600496
.006290112
.006147320
.005169245
.005245973
.004734236
.004070409
.004779523
.005715298
.005505079
.004910681
.005527781
.004190013
.005031678
.005895414
.004638715
.003940626
.004917601
.003712490
.004950920
.004552218
.004657684
.004011096
.004612167
.004524094
.004820118
.005563054
.004646541
.005131039
.005072752
.005487724
.003767547
.005276880
.006219196
.006071028
.005537726
.005241393
.004848875
.005967950
.006499232
.006048287
.004219261
.005649899
.005778872
.005859528
.005806121
.005645437
.005660760
.005825593
.004688190
.005297786
.005225499
.004992621
.005146970
.005287937
.005182990
.003608227
.005595984
.004474188
.004683295
.004850819
.004946128
.005143853
.004333506
.005169835
.006154397
.004620836
.006095230
.004701243
.004864909
.005082285
.004041742
.005593413
.004877510
.005204126
.005325095
.004827868
.004008799
.005816230
.004973010
.005553205
.005974710
.004713767
.005795002
.005946352
.005877675
.006042239
.006138684
.004996743
.006429895
.004214619
.005981126
.005545309
.006307745
.004893608
.005964551
.005010635
.005937361
.005579504
.005885143
.006018666
.005840752
.004561314
.005581698
.005323060
.004023045
.004722523
.005051629
.004590026
.004739170
.005887420
.004818002
.005476377
.004287533
.009768501
.011036685
.003550103
.003422369
.003434857
.003389891
.003053819
.003507719
.003308996
.003179100
.003235586
.003197341
.003137293
.002908406
.009889533
.013457890
.009166120
.003306954
.004647189
.004600537
.005258725
.005169514
.004118184
.005289382
.004887730
.005510360
.005699663
.003322999
.005436826
.004778545
.005316690
.004281350
.005897516
.004617340
.004156592
.004719595
.005211719
.003670498
.006452374
.005531901
.005649790
.005767033
.004985430
.006187863
.004203792
.005196915
.005372914
.005574464
.006142235
.004195630
.005451073
.004919180
.004678175
.004745999
.005148762
.005287820
.005131136
.004660637
.005161269
.005112861
.003496414
.004523223
.004947424
.004963291
.005991368
.004470157
.004440837
.004636466
.005368526
.004991346
.004870356
.004850957
.005583049
.005439204
.005909497
.004796023
.005149145
.005188549
.005064928
.006477507
.006342215
.005652512
.003998576
.005763819
.004143022
.005200874
.004723096
.006055562
.004919935
.005654730
.005233527
.005026292
.004932071
.004827410
.005308785
.005007197
.005197553
.006354316
.005190286
.005006844
.005346098
.005194110
.005514684
.005508351
.004535768
.005425001
.005068779
.004985286
.003597709
.005031918
.004844881
.004173418
.005713792
.004677462
.005876615
.004258459
.005139924
.005240471
.004434102
.005596217
.005346053
.004795000
.004733214
.005292533
.005288977
.004248584
.004975601
.004910994
.005873869
.005573132
.005647973
.005243679
.006030748
.004701898
.004327273
.005929839
.004851312
.005089851
.004449224
.004788572
.004601242
.005722908
.004863572
.005349206
.005204769
.004009902
.006511420
.005163638
.005484268
.004516031
.003708944
.005655867
.006180203
.004912254
.003836863
.005477221
.005933133
.005033487
.005417448
.005328750
.004786071
.004613179
.005942218
.005220511
.005826797
.004726462
.004827330
.005657648
.004832153
.005279748
.005162230
.004164657
.006233563
.003660364
.004449437
.005245480
.004356102
.005142473
.004823430
.004741502
.005872910
.005485924
.004698087
.005146003
.005697800
.005840045
.006231296
.004454959
.005610350
.006109574
.005284121
.004731031
.005002106
.005590903
.006402286
.004815153
.004689291
.005334372
.005011972
.005727362
.004949107
.005736388
.004866152
.004571820
.004668853
.005822276
.005621872
.004780203
.006325195
.005831752
.005144405
.005870718
.004993163
.003485095
.003965229
.005155793
.004975957
.005709269
.005400705
.005331249
.005225168
.006043549
.005391031
.004974209
.005762677
.006016627
.005226029
.006292096
.005709441
.005815928
.006018935
.003218099
.004936633
.004793589
.003910602
.005201470
.005030360
.004440440
.004554118
.006210638
.004542082
.005437956
.005511965
.006962556
.005071751
.006213087
.006209744
.004721583
.005485991
.005060100
