.004530365
.003424687
.004010369
.004588241
.005129724
.005090594
.005493223
.005721061
.006777125
.005040995
.005987267
.005017468
.006669226
.004649786
.005735802
.005052036
.005899490
.005339387
.005274146
.005224839
.004274226
.005141996
.004293397
.005953953
.004130118
.004760196
.003842242
.006671752
.005334238
.007340177
.004561124
.004881099
.003699673
.004993823
.004951989
.006301697
.004229641
.004211994
.005044764
.003987289
.004635662
.005919598
.005201492
.005211490
.004807837
.005859107
.006019586
.005447457
.005498005
.004801719
.004723959
.006378065
.005408628
.004952317
.004967292
.005640843
.006214261
.004885543
.005784307
.006248975
.004681748
.005029736
.005214447
.006448816
.004305619
.004394530
.005755940
.004357131
.005327090
.006059325
.005763218
.005571248
.005616526
.006418173
.005516129
.004751471
.004218657
.004404286
.005192582
.004377038
.005402783
.005413244
.006064101
.004902434
.005939019
.004373293
.004417566
.005697078
.005285477
.005311979
.005580358
.004850571
.006024478
.005388356
.004303536
.003539902
.004022625
.005248954
.004638259
.005300120
.005196546
.004900178
.006553072
.005765819
.005741786
.005430631
.004708186
.004511530
.005650759
.005737156
.005722734
.005694353
.005167763
.005129463
.005991224
.005846584
.005453132
.004702691
.004851658
.005278928
.006095403
.004870877
.005044790
.005106153
.004891709
.005393695
.006343893
.005949215
.004697996
.004093878
.005642605
.004889295
.004479963
.005423939
.004074313
.005064906
.004463947
.005556497
.004593071
.005413998
.005260879
.005141489
.005809831
.005082749
.004488067
.004251833
.005368892
.004823016
.005650030
.005326022
.005498539
.004892983
.005158859
.004349262
.005838852
.005567028
.004768714
.004901696
.005050673
.004990514
.005831144
.005137816
.005508590
.005185478
.005256739
.005524471
.004932828
.004878699
.004738604
.005706452
.005578903
.005858125
.005433378
.005318408
.004647167
.004437180
.005340559
.004759466
.005785752
.005158949
.005235198
.005107715
.004856648
.005379653
.005777024
.005776055
.003489674
.005009926
.004968759
.004934260
.005560550
.005103616
.006029658
.006009367
.006841968
.004092750
.004689383
.005596656
.005024745
.005351877
.006528588
.004481256
.004326545
.005016013
.004948042
.005974896
.005548926
.004403613
.005485210
.004831971
.004613531
.005880617
.006188510
.004924737
.005698928
.005999386
.004190145
.005462059
.005869275
.005769093
.005560872
.005686939
.004223342
.004474372
.005523396
.005511547
.005011187
.006090517
.005618554
.004768741
.004953183
.005825767
.005538183
.005544265
.005528004
.005116360
.004692414
.005084723
.004598888
.005008367
.006232501
.005972838
.005597153
.004930575
.005232109
.005540163
.005714165
.005469216
.005621319
.004890556
.003191455
.004486727
.005008499
.005942820
.004890316
.005458070
.006554064
.005545603
.005718872
.006391395
.004289015
.005747071
.004243924
.004904016
.005811555
.005399387
.005571254
.003702469
.004686039
.005817750
.005589683
.004501180
.004579832
.005846495
.005726098
.005178136
.005131978
.004850514
.005982993
.005970932
.005384302
.005185302
.006311951
.004281081
.005942777
.005242759
.006207459
.005771121
.005961791
.005521175
.006792114
.005834590
.003874502
.004971776
.005601080
.005307214
.006100358
.005457271
.004410638
.005494183
.005532090
.005749903
.005190826
.005239424
.005025036
.004574571
.005509173
.005841915
.005273749
.005516887
.003528589
.005017550
.006234771
.005449448
.006336672
.006217917
.004829393
.005202402
.005506499
.005644414
.005501117
.005369654
.005311008
.004550650
.005538941
.006074513
.004595311
.005657244
.004879481
.005439053
.005578988
.005155580
.006380809
.005283213
.005103817
.005120725
.005561227
.004776668
.005175398
.004625462
.005547683
.005176542
.005899590
.005286895
.005503871
.006215507
.006142015
.005775791
.005471427
.004694218
.005333276
.004725262
.005438822
.005038220
.005570705
.006116699
.004254377
.005678910
.006817963
.003995407
.005536427
.005391319
.004040664
.004460245
.005696809
.004647626
.004982368
.005163000
.004931325
.005430408
.005580787
.005459948
.005542489
.004263824
.004323868
.004285898
.005269857
.006151015
.004898056
.004288592
.005278961
.005983572
.005115250
.005728808
.005056527
.004902264
.004739876
.005304586
.005918396
.005279847
.005193304
.005882237
.005438699
.004951704
.003536623
.004103353
.006039281
.004447803
.004768851
.004580849
.005451417
.005631263
.005935306
.004236966
.004812885
.005288895
.005085118
.005245712
.004193769
.004763218
.004937770
.005729499
.004723147
.006001764
.005679512
.005877630
.004864859
.005619425
.005571295
.004675795
.006256370
.003483548
.004634279
.005094303
.005456212
.006433822
.005056984
.005549701
.006441045
.005647530
.006113018
.005377368
.004950752
.005323003
.005276966
.005818824
.004664592
.003580876
.003370925
.004368557
.005335255
.005677799
.005104800
.004881837
.006208297
.005513345
.006897170
.004895312
.004710129
.004916752
.005088304
.005830752
.005980605
.004730080
.005265232
.003309634
.005215590
.005741814
.004930409
.005204105
.005280819
.004134306
.005870181
.004090928
.004990911
.005849910
.005971795
.005456734
.005947886
.005582417
.005143073
.005694097
.004091950
.005262358
.004604443
.005516718
.005110815
.006487525
.005153188
.006235867
.004804943
.006316963
.005055715
.004858831
.005628953
.005940226
.004279600
.005406511
.004796028
.005937102
.005502905
.005691647
.005178562
.005449610
.005855325
.004489898
.004730458
.005144750
.005766252
.005568577
