.005982035
.003311871
.004933314
.006373768
.005948698
.004931075
.005488218
.004744043
.005653176
.006111801
.004852940
.005731893
.006728591
.004971933
.004904154
.005941041
.004702850
.004834995
.005996014
.004878842
.005003642
.003538049
.005893945
.004614747
.004296451
.006340936
.005812844
.003860838
.004600855
.005477767
.005722097
.004839060
.004425547
.005313898
.005805550
.004450353
.003889444
.005705011
.006060684
.004714144
.006341464
.006178009
.005721259
.005308602
.004622162
.004624996
.005914802
.005264940
.004944157
.005212237
.005572021
.006197013
.004809738
.006066966
.006431003
.005481575
.005692654
.005772804
.005126156
.004618181
.005212485
.004590197
.005094250
.004996604
.004278157
.003473791
.004540769
.005846286
.005405091
.006977109
.005912938
.005894884
.005975205
.004877316
.004861209
.004920944
.005059595
.005311090
.005687535
.005564093
.005497372
.006428138
.005398064
.004945787
.005629245
.005676830
.005046112
.004876643
.005920521
.005592511
.004850264
.006062863
.006032934
.004594311
.005182517
.005830925
.006745873
.004376095
.005149039
.006218117
.004306105
.005322401
.004697446
.005262502
.004615827
.004603524
.005698563
.004305702
.005529318
.005323579
.005505067
.005924898
.003535518
.004817649
.005597760
.003522013
.004521838
.008611858
.004662304
.006651680
.004545025
.004256934
.005454423
.004223564
.007093567
.005436928
.006123682
.006325151
.005203399
.005173793
.003907064
.005206290
.003884045
.005592843
.005382602
.005536890
.004164317
.005350836
.004370307
.005270054
.005571190
.005336968
.005844921
.005420269
.005462270
.004882938
.004915415
.006166642
.005572755
.005081586
.005406391
.006270021
.005433134
.005774060
.004892016
.004903865
.006603064
.004664557
.004577813
.004103881
.005916600
.004666155
.005043688
.006301252
.004957115
.005300693
.004402429
.004654736
.005958045
.006102722
.005934754
.004282897
.005151985
.004916720
.004634185
.004875607
.005367500
.005384058
.005435819
.006118323
.004846002
.004497650
.005466701
.005486657
.004638692
.006218951
.004725123
.005149812
.004822194
.005018164
.005655340
.004723360
.004145934
.004954598
.006102467
.003251415
.004127964
.005973140
.005926272
.006037618
.004300483
.004681298
.005421578
.005522903
.004722459
.006140334
.005436443
.005441949
.005254410
.003728960
.004684040
.006318392
.006964486
.005230997
.004982410
.005605598
.004023402
.005365563
.004264582
.005958334
.005749144
.004680335
.005177633
.005097318
.005951328
.004795087
.005629840
.004883103
.006161027
.005716327
.006201552
.005689614
.005212430
.005043677
.004428980
.005911497
.004529331
.004404390
.004423164
.004841638
.005260419
.005528319
.005983212
.005815172
.005368740
.005757451
.004587812
.005585316
.006524994
.004504921
.004524503
.005441705
.005620224
.004835417
.005465824
.005425939
.005514714
.005144094
.006164738
.005570588
.005966766
.004650236
.004474367
.004766480
.004626713
.005604769
.005123564
.004854676
.005286005
.005519765
.005457686
.005373524
.006187702
.004497641
.005610294
.004908142
.005517994
.004931925
.004391975
.004491894
.005202102
.004938503
.005484591
.005534803
.005009397
.005744684
.004381406
.004502899
.004564048
.004944663
.004916040
.004890495
.004498233
.003808911
.004618236
.005658858
.004807815
.005836698
.006540634
.005158148
.005408365
.004765229
.005013991
.004640214
.004593059
.005817789
.004634922
.006371170
.005554507
.004890221
.004838659
.005881612
.005528513
.005599815
.006075451
.004969321
.005117482
.005834074
.005240150
.005822080
.004265464
.005043065
.005550223
.004772889
.005726269
.004198012
.005625111
.006376519
.003691519
.003921980
.004941033
.004721325
.004713826
.005555906
.004635296
.005290913
.004925872
.005495685
.005314108
.006041096
.005870122
.004960011
.004897091
.004329369
.005392810
.005811717
.004804545
.005432773
.005269010
.004922362
.005588683
.003125186
.003568167
.003926201
.005101190
.005757465
.003871070
.009596338
.005367540
.005260981
.005533896
.005524645
.007514056
.003399076
.003348493
.004334100
.004465516
.005003615
.005511719
.004103751
.005053826
.004390922
.004612337
.006041730
.005580302
.004823463
.004936212
.004766542
.004924643
.004968554
.005393028
.005515790
.003990416
.005077598
.005610689
.004527273
.006398856
.004348193
.005325615
.005435829
.004037823
.005959748
.005579271
.004230137
.005255235
.005275168
.006011357
.004612778
.005125100
.005001110
.006579895
.006380592
.005469868
.005682140
.005625264
.005293391
.005490976
.004856718
.005614801
.004951470
.005335226
.004840017
.004731025
.005026698
.004662597
.004913830
.005922365
.006268757
.007098203
.004675757
.006347242
.005306406
.006497587
.004504078
.004196481
.004937486
.006642868
.006434099
.004868613
.005471079
.005060194
.005581444
.006395098
.004869230
.004883195
.006074883
.006218981
.006168593
.005233295
.006311570
.005587549
.004905524
.004927685
.006463902
.006301927
.006595016
.004404240
.004313328
.005520805
.004518720
.005154414
.006295434
.004894370
.004909776
.004898455
.005306294
.005232747
.005172137
.005876714
.004855372
.005554191
.005175516
.005406465
.005214957
.005915470
.004586082
.005543455
.005219346
.003926042
.005809646
.004917308
.005550661
.005911237
.005232536
.004694343
.005199518
.004939391
.005212613
.004573730
.005405156
.005888070
.005259710
.005972795
.004868229
.004981163
.003922110
.005307311
.005111236
.004981134
.005259616
.005257450
.006021276
.004344051
.005719870
.005756477
.005070871
.005278205
.003758556
.005722796
.004863227
