 .003266282 5
 .003202132 5
 .003901236 5
 .004011267 5
 .005333484 5
 .004512800 5
 .005123851 5
 .004836084 5
 .004217563 5
 .005434618 5
 .004849369 5
 .005444338 5
 .005164125 5
 .004911438 5
 .005032578 5
 .005507232 5
 .004254144 5
 .004236879 5
 .005888327 5
 .005198941 5
 .005860790 5
 .005264813 5
 .003986998 5
 .004901572 5
 .005569611 5
 .005137197 5
 .005377431 5
 .005354987 5
 .004465745 5
 .004155706 5
 .005913145 5
 .004635201 5
 .003951466 5
 .005164832 5
 .006055325 5
 .004798552 5
 .005017672 5
 .006826121 5
 .003966626 5
 .005525869 5
 .005872722 5
 .005688151 5
 .004519657 5
 .004934632 5
 .004705701 5
 .004639216 5
 .004978836 5
 .004630962 5
 .005520689 5
 .006622261 5
 .005681070 5
 .004607346 5
 .005366189 5
 .004405618 5
 .005835679 5
 .005521714 5
 .005930749 5
 .006401596 5
 .003883182 5
 .006022508 5
 .005241554 5
 .004688471 5
 .005538590 5
 .004724460 5
 .005945058 5
 .005598165 5
 .005308986 5
 .005493308 5
 .004798588 5
 .005029714 5
 .005218840 5
 .004948970 5
 .005143266 5
 .005848514 5
 .004247087 5
 .004193835 5
 .004941358 5
 .004105305 5
 .005231907 5
 .004841365 5
 .003694145 5
 .004907838 5
 .005928822 5
 .005199846 5
 .005556340 5
 .004467517 5
 .004309085 5
 .005437000 5
 .004370008 5
 .005801063 5
 .004581236 5
 .004326386 5
 .004689971 5
 .004528992 5
 .005613651 5
 .005832358 5
 .004248158 5
 .005390913 5
 .005166506 5
 .004578916 5
 .005889524 5
 .005985970 5
 .005674308 5
 .004971938 5
 .006484939 5
 .004318541 5
 .004945290 5
 .005956624 5
 .007311753 5
 .003811701 5
 .003613053 5
 .004920039 5
 .005932463 5
 .005296292 5
 .005175736 5
 .003579693 5
 .004936960 5
 .004367855 5
 .005787705 5
 .004947712 5
 .005729553 5
 .005546678 5
 .005222183 5
 .004989636 5
 .005078500 5
 .005526049 5
 .005004084 5
 .004820508 5
 .005120264 5
 .005014428 5
 .005962728 5
 .005293758 5
 .004886315 5
 .005555072 5
 .005262385 5
 .004317371 5
 .004911200 5
 .006003962 5
 .005207597 5
 .006344757 5
 .005682176 5
 .005593735 5
 .005480127 5
 .005519645 5
 .005509340 5
 .005127686 5
 .006627194 5
 .005901517 5
 .005668693 5
 .005525869 5
 .003824756 5
 .005034177 5
 .005127531 5
 .004125646 5
 .005135832 5
 .005012525 5
 .005058397 5
 .005390457 5
 .004812771 5
 .004804848 5
 .004827385 5
 .005227298 5
 .005859186 5
 .005611377 5
 .004735513 5
 .005107315 5
 .006577580 5
 .005160262 5
 .006403915 5
 .005478968 5
 .004650831 5
 .005548540 5
 .005344282 5
 .006828205 5
 .006384567 5
 .005551386 5
 .005198965 5
 .004655997 5
 .006299752 5
 .006498499 5
 .006160069 5
 .004318453 5
 .005699289 5
 .005866766 5
 .006004297 5
 .005111700 5
 .005262157 5
 .005135629 5
 .003946694 5
 .005458464 5
 .004370220 5
 .005407873 5
 .005202339 5
 .003991110 5
 .005599769 5
 .005279423 5
 .006216038 5
 .005221401 5
 .004976347 5
 .005775518 5
 .004911290 5
 .006453976 5
 .005842211 5
 .004071076 5
 .004712725 5
 .005611264 5
 .004733380 5
 .004416350 5
 .005233951 5
 .005659885 5
 .006314136 5
 .004975990 5
 .005563129 5
 .006535285 5
 .005445336 5
 .005226574 5
 .005841569 5
 .006076995 5
 .005661398 5
 .005510756 5
 .005595752 5
 .004923326 5
 .005312442 5
 .006193163 5
 .005084366 5
 .005588679 5
 .004861724 5
 .004869476 5
 .004715300 5
 .005107337 5
 .004549624 5
 .005513572 5
 .003193720 5
 .005260984 5
 .005892298 5
 .005106065 5
 .005166113 5
 .006146538 5
 .004923413 5
 .005297103 5
 .004421580 5
 .005071470 5
 .005077531 5
 .004711936 5
 .004933127 5
 .005083199 5
 .005958346 5
 .004948794 5
 .004871006 5
 .004916297 5
 .005769293 5
 .004836927 5
 .005507706 5
 .005554588 5
 .004511943 5
 .005174322 5
 .006332355 5
 .005888627 5
 .004900157 5
 .005545794 5
 .004990223 5
 .004864450 5
 .005425807 5
 .004845379 5
 .005184705 5
 .006179727 5
 .005807050 5
 .005014953 5
 .005894430 5
 .005683966 5
 .006304291 5
 .005400374 5
 .004411018 5
 .004671953 5
 .006523564 5
 .006125478 5
 .004724738 5
 .004336829 5
 .005283487 5
 .005529206 5
 .005679632 5
 .005320344 5
 .005860785 5
 .004815865 5
 .004706984 5
 .005160779 5
 .005714981 5
 .005086559 5
 .004842124 5
 .005827253 5
 .004646275 5
 .004767743 5
 .005128455 5
 .004835935 5
 .005445646 5
 .005615266 5
 .006099892 5
 .004730155 5
 .005231714 5
 .005890463 5
 .005590408 5
 .005981426 5
 .005163709 5
 .004668299 5
 .005160254 5
 .005018231 5
 .006378859 5
 .005772175 5
 .005919996 5
 .005168560 5
 .004618432 5
 .005275944 5
 .005154692 5
 .004962404 5
 .005459657 5
 .004398499 5
 .004597305 5
 .005372323 5
 .005913585 5
 .004921659 5
 .004706994 5
 .006285913 5
 .004621662 5
 .005201124 5
 .003601882 5
 .004553357 5
 .004971563 5
 .007277664 5
 .005805806 5
 .005444049 5
 .005451127 5
 .004545128 5
 .006000784 5
 .004601970 5
 .004181429 5
 .003930740 5
 .004404395 5
 .006020155 5
 .004423150 5
 .005849373 5
 .004052832 5
 .005252519 5
 .006177500 5
 .004977628 5
 .005083529 5
 .005037160 5
 .005265731 5
 .005970570 5
 .006211266 5
 .004804433 5
 .004903914 5
 .006111791 5
 .004681816 5
 .003647342 5
 .004005708 5
 .004008197 5
 .004912218 5
 .005460010 5
 .004362887 5
 .005174599 5
 .005219016 5
 .005335539 5
 .005716890 5
 .006500427 5
 .006380794 5
 .005256015 5
 .004807877 5
 .004473698 5
 .004879543 5
 .005065801 5
 .004487368 5
 .005282395 5
 .006746415 5
 .005503446 5
 .005215160 5
 .004955942 5
 .006330321 5
 .004672949 5
 .004839250 5
 .005570441 5
 .004978508 5
 .004804592 5
 .005502786 5
 .005993108 5
 .005236540 5
 .004211835 5
 .005556423 5
 .004933818 5
 .006333875 5
 .005533980 5
 .005292706 5
 .005725656 5
 .005342667 5
 .005758217 5
 .006140112 5
 .005927754 5
 .005428448 5
 .005036213 5
 .005181590 5
 .004814881 5
 .004794901 5
 .005561222 5
 .004454699 5
 .005197620 5
 .004379105 5
 .004514809 5
 .004693329 5
 .004924528 5
 .005047466 5
 .005897408 5
 .005119263 5
 .005510567 5
 .005918307 5
 .005285384 5
 .005141606 5
 .004189695 5
 .005524804 5
 .006197034 5
 .006442097 5
 .004388075 5
 .004863875 5
 .005599113 5
 .004546013 5
 .005394573 5
 .005239324 5
 .005863797 5
 .006144648 5
 .004998029 5
 .005122152 5
 .005031228 5
 .005571691 5
 .005456083 5
 .004518248 5
 .005169956 5
 .004725520 5
 .005219062 5
 .006349648 5
 .005510227 5
 .004613596 5
 .005992240 5
 .005526244 5
 .004652436 5
 .005407826 5
 .004570096 5
 .005371771 5
 .004071957 5
 .005684918 5
 .005228852 5
 .005888900 5
 .005485543 5
 .006390295 5
 .005985924 5
 .005221246 5
 .005162384 5
 .004765430 5
 .005761942 5
 .004682255 5
 .005205883 5
 .004668546 5
 .005428787 5
 .005494874 5
 .005758509 5
 .005618380 5
 .004921823 5
 .005862934 5
 .006719942 5
 .005789978 5
 .004611141 5
 .005388385 5
 .004307172 5
 .005234732 5
 .005620946 5
 .006584274 5
 .005782669 5
 .004717311 5
 .004447021 5
 .006371594 5
 .005446802 5
 .004450941 5
 .005350243 5
 .006163641 5
 .004854027 5
 .005614777 5
 .005201205 5
 .005523733 5
 .007527521 5
 .003403570 5
 .003907008 5
 .005291092 5
 .005827393 5
 .006329970 5
 .004904178 5
 .004985875 5
 .005661036 5
 .004800074 5
 .004924982 5
 .004944838 5
 .005475665 5
 .005016985 5
 .004831443 5
 .004898686 10
 .005614035 10
 .005527941 10
 .006214289 10
 .004885228 10
 .006297236 10
 .005918422 10
 .006172669 10
 .005257849 10
 .006148748 10
 .005187051 10
 .005030712 10
 .004522875 10
 .004062655 10
 .004699825 10
 .005151009 10
 .004584390 10
 .005925104 10
 .005210809 10
 .005587338 10
 .004860282 10
 .006496003 10
 .006289963 10
 .005474559 10
 .005930761 10
 .003668196 10
 .005473409 10
 .004483323 10
 .005439264 10
 .004666439 10
 .005773626 10
 .004922712 10
 .005642587 10
 .006236235 10
 .005183117 10
 .006313207 10
 .005964815 10
 .004850837 10
 .005885124 10
 .005201617 10
 .005436332 10
 .005638280 10
 .006506407 10
 .004923882 10
 .005802801 10
 .004923534 10
 .005445598 10
 .005725698 10
 .006405315 10
 .005155492 10
 .005563953 10
 .004577326 10
 .005888868 10
 .005104223 10
 .004898261 10
 .005294444 10
 .005289859 10
 .006125144 10
 .004752587 10
 .004668573 10
 .005954278 10
 .005128091 10
 .005252867 10
 .005490121 10
 .004585032 10
 .005973791 10
 .004600736 10
 .005307066 10
 .005043582 10
 .006280488 10
 .004544998 10
 .004528464 10
 .006349023 10
 .005055898 10
 .005303523 10
 .005953033 10
 .005805578 10
 .005146695 10
 .005721053 10
 .005618962 10
 .004677969 10
 .004205582 10
 .005881055 10
 .005095264 10
 .005380135 10
 .005644486 10
 .005128627 10
 .005024552 10
 .005563567 10
 .005598261 10
 .005560851 10
 .005876847 10
 .004483710 10
 .005029055 10
 .005899931 10
 .005378865 10
 .005110452 10
 .004387454 10
 .004056357 10
 .005873608 10
 .004675330 10
 .006034414 10
 .004834976 10
 .005648390 10
 .005675619 10
 .006050194 10
 .005582359 10
 .004861741 10
 .005409512 10
 .005768533 10
 .005796760 10
 .005180932 10
 .005514457 10
 .005730417 10
 .005838041 10
 .005583458 10
 .005837876 10
 .005721407 10
 .004484318 10
 .005302938 10
 .005583805 10
 .004698201 10
 .004161203 10
 .003802613 10
 .005117354 10
 .004345414 10
 .004904443 10
 .005413529 10
 .004450471 10
 .005035928 10
 .004860609 10
 .004623099 10
 .005541431 10
 .006466856 10
 .003827510 10
 .004440372 10
 .005097410 10
 .006546325 10
 .005137307 10
 .005164536 10
 .005956822 10
 .004882676 10
 .003939487 10
 .005455705 10
 .005271975 10
 .006759354 10
 .005884319 10
 .005239439 10
 .005426771 10
 .005500188 10
 .006403006 10
 .004859546 10
 .005554985 10
 .004847530 10
 .005821472 10
 .005067244 10
 .005019932 10
 .005295673 10
 .005655403 10
 .005874878 10
 .005601876 10
 .005556505 10
 .004388207 10
 .005263688 10
 .004989947 10
 .005082906 10
 .005493289 10
 .004255243 10
 .005546755 10
 .005574780 10
 .005194065 10
 .005423540 10
 .006324322 10
 .004534517 10
 .006500758 10
 .005147899 10
 .005831925 10
 .004974106 10
 .005537699 10
 .004597008 10
 .005471840 10
 .005248492 10
 .005221862 10
 .004727246 10
 .005098081 10
 .004913681 10
 .005536910 10
 .005560317 10
 .004903956 10
 .005284505 10
 .005989672 10
 .005429879 10
 .006362500 10
 .005312155 10
 .004534798 10
 .004294628 10
 .004924167 10
 .006321101 10
 .005465809 10
 .005383609 10
 .004914439 10
 .004520258 10
 .005688469 10
 .003439942 10
 .005123653 10
 .004984829 10
 .004909464 10
 .004568113 10
 .005480007 10
 .004974984 10
 .005105875 10
 .005024919 10
 .004095512 10
 .005760540 10
 .004217741 10
 .005997342 10
 .006565564 10
 .006116636 10
 .005727450 10
 .005646661 10
 .005633503 10
 .006487845 10
 .005094737 10
 .005892326 10
 .006903132 10
 .004933893 10
 .005403069 10
 .005939476 10
 .005305784 10
 .006663380 10
 .004492893 10
 .003949314 10
 .005347787 10
 .005508841 10
 .004635534 10
 .005383204 10
 .005228968 10
 .004485385 10
 .005144733 10
 .006285532 10
 .006719728 10
 .004836266 10
 .005858180 10
 .003931021 10
 .005665587 10
 .004538866 10
 .004782247 10
 .005080069 10
 .005207865 10
 .004829771 10
 .005188868 10
 .006242907 10
 .005553894 10
 .004400770 10
 .006084279 10
 .005303423 10
 .004802919 10
 .005394342 10
 .005473023 10
 .004298644 10
 .005340571 10
 .004034996 10
 .005144028 10
 .005570345 10
 .006346719 10
 .004794965 10
 .005187503 10
 .006210262 10
 .006670761 10
 .006183176 10
 .004850497 10
 .006041876 10
 .005006216 10
 .005556717 10
 .005528738 10
 .004804646 10
 .005291234 10
 .005179464 10
 .006766920 10
 .004154684 10
 .005033181 10
 .003203970 10
 .004151530 10
 .005942077 10
 .005039909 10
 .005940508 10
 .004185645 10
 .005461546 10
 .004462718 10
 .005893666 10
 .004381051 10
 .005953416 10
 .006037510 10
 .004345121 10
 .005442955 10
 .004956754 10
 .006296910 10
 .005850383 10
 .004826937 10
 .004206032 10
 .005456093 10
 .004868998 10
 .005219085 10
 .005174733 10
 .005252261 10
 .005578377 10
 .004915870 10
 .006003393 10
 .005071882 10
 .006238200 10
 .005216010 10
 .005533775 10
 .004844223 10
 .005928408 10
 .005077777 10
 .005890567 10
 .005534564 10
 .005650137 10
 .006218009 10
 .005584474 10
 .005090495 10
 .005815592 10
 .005211113 10
 .006511080 10
 .005927388 10
 .004241450 10
 .004904735 10
 .005949841 10
 .005596128 10
 .005187988 10
 .005262292 10
 .006120319 10
 .006513757 10
 .004630077 10
 .004770746 10
 .004835895 10
 .006182625 10
 .005101512 10
 .005687264 10
 .004900261 10
 .006802943 10
 .004808385 10
 .004654496 10
 .005468199 10
 .004755144 10
 .005441206 10
 .005196847 10
 .004626988 10
 .006541821 10
 .005804911 10
 .005394950 10
 .005616702 10
 .006012665 10
 .004689524 10
 .005473887 10
 .003689985 10
 .003374973 10
 .005248400 10
 .005248943 10
 .006102402 10
 .004454373 10
 .005212495 10
 .005796407 10
 .005178105 10
 .006162352 10
 .005880439 10
 .004946289 10
 .005750828 10
 .004515153 10
 .004584213 10
 .004201905 10
 .005110480 10
 .006175123 10
 .005570372 10
 .006003189 10
 .004905952 10
 .004884840 10
 .005333842 10
 .005211457 10
 .005960395 10
 .006977777 10
 .006162884 10
 .004682934 10
 .006078088 10
 .004283483 10
 .004435482 10
 .005075431 10
 .004211282 10
 .006111122 10
 .005804823 10
 .004299554 10
 .005889127 10
 .004698353 10
 .004096854 10
 .005190614 10
 .004532802 10
 .006105291 10
 .003056445 10
 .003411462 10
 .004709419 10
 .006135548 10
 .005160106 10
 .004970473 10
 .005233538 10
 .005551029 10
 .006299327 10
 .004223285 10
 .005655013 10
 .005167198 10
 .005586971 10
 .004883425 10
 .005437995 10
 .005391457 10
 .004901694 10
 .005400070 10
 .005506070 10
 .006292701 10
 .004932217 10
 .005835128 10
 .005020617 10
 .004892948 10
 .005226440 10
 .004386728 10
 .004001775 10
 .005511491 10
 .004093217 10
 .005787077 10
 .005746013 10
 .003278478 10
 .004140983 10
 .005461701 10
 .004850575 10
 .006008676 10
 .006674964 10
 .005009158 10
 .004937120 10
 .004040802 10
 .005064884 10
 .005772553 10
 .004941101 10
 .004504877 10
 .004708871 10
 .004746965 10
 .005225834 10
 .005643631 10
 .004457425 10
 .004341233 10
 .005174274 10
 .006327200 10
 .004762423 10
 .005624459 10
 .004908256 10
 .005489488 10
 .005468865 10
 .005580346 10
 .006398868 10
 .005177414 10
 .003837751 10
 .005156595 10
 .004899462 10
 .004651621 10
 .005691958 10
 .004954965 10
 .004418610 10
 .004890900 10
 .006012627 10
 .005167411 10
 .004691881 10
 .004576942 10
 .004913251 10
 .005917415 10
 .005108004 10
 .005805452 10
 .005162643 10
 .005015541 10
 .004851537 10
 .006050531 10
 .004854985 10
 .005575986 10
 .005160271 10
 .005509218 10
 .005584152 10
 .005389139 10
 .004725985 10
 .005887460 10
 .006466522 10
 .005590878 10
 .005463298 10
 .006081626 10
 .004094720 10
 .004890935 10
 .005016415 10
 .005566000 10
 .004943115 10
 .004660281 10
 .005841119 10
 .005820548 10
 .005852340 10
 .004996157 10
 .004935445 10
 .005152223 15
 .004833906 15
 .006103744 15
 .005145643 15
 .004461890 15
 .005233618 15
 .005513580 15
 .005838422 15
 .004197207 15
 .006049137 15
 .004917655 15
 .006102205 15
 .004246210 15
 .005745934 15
 .005520742 15
 .005559088 15
 .005125069 15
 .005567855 15
 .004806924 15
 .004901936 15
 .005061344 15
 .005889932 15
 .005581724 15
 .006666446 15
 .004458784 15
 .003656236 15
 .003711516 15
 .004476086 15
 .005089329 15
 .004279583 15
 .003795711 15
 .004691475 15
 .005559620 15
 .005573588 15
 .004733690 15
 .006298608 15
 .005217882 15
 .005223409 15
 .004856325 15
 .004671810 15
 .005586019 15
 .004357029 15
 .005678491 15
 .004776660 15
 .004937050 15
 .006211427 15
 .005196614 15
 .004721642 15
 .004586673 15
 .005846151 15
 .005995851 15
 .006379220 15
 .004399686 15
 .005929844 15
 .006308645 15
 .005981640 15
 .004939914 15
 .005563570 15
 .005454478 15
 .005033562 15
 .004712108 15
 .005075617 15
 .006411241 15
 .006344623 15
 .005154846 15
 .006448203 15
 .004922806 15
 .005100045 15
 .006248317 15
 .004912141 15
 .005197228 15
 .005439675 15
 .003435953 15
 .005493140 15
 .005725125 15
 .005453715 15
 .005075830 15
 .004286741 15
 .005388422 15
 .003704576 15
 .004956839 15
 .005041257 15
 .006236619 15
 .005643195 15
 .005545417 15
 .005576788 15
 .005946919 15
 .005391470 15
 .005324528 15
 .005322231 15
 .006021970 15
 .005568235 15
 .003610538 15
 .004237101 15
 .005060963 15
 .004820595 15
 .005380654 15
 .004855807 15
 .004787778 15
 .005908875 15
 .006090485 15
 .005008364 15
 .005498447 15
 .005809240 15
 .005253242 15
 .005324215 15
 .004942422 15
 .005433246 15
 .005742384 15
 .005585603 15
 .006118903 15
 .005838001 15
 .005831121 15
 .004563415 15
 .005967773 15
 .005317722 15
 .004075107 15
 .008549357 15
 .005519742 15
 .003673154 15
 .003171168 15
 .004044797 15
 .005120423 15
 .006025914 15
 .005054436 15
 .005553122 15
 .004930151 15
 .004628726 15
 .006136392 15
 .005044231 15
 .006310603 15
 .005109881 15
 .006466370 15
 .005383734 15
 .004469998 15
 .005399179 15
 .003948735 15
 .004981630 15
 .004591251 15
 .004915846 15
 .004865450 15
 .004651596 15
 .005485481 15
 .006415587 15
 .006041149 15
 .005553312 15
 .005086913 15
 .005085523 15
 .005204994 15
 .004964296 15
 .006371935 15
 .004619771 15
 .006298275 15
 .004518962 15
 .004403322 15
 .005737827 15
 .006271055 15
 .006388719 15
 .005544079 15
 .005744024 15
 .005880160 15
 .005678644 15
 .005496100 15
 .004974992 15
 .004317344 15
 .005809107 15
 .005860930 15
 .004637518 15
 .005057192 15
 .004941444 15
 .005289977 15
 .005351569 15
 .005746420 15
 .005061435 15
 .004595721 15
 .005976032 15
 .006389949 15
 .006356468 15
 .006331538 15
 .005567408 15
 .005661587 15
 .005877674 15
 .006208667 15
 .005973834 15
 .005824159 15
 .005366050 15
 .004785004 15
 .004876507 15
 .006028602 15
 .005925623 15
 .006337004 15
 .005183310 15
 .005108378 15
 .003456174 15
 .004820145 15
 .005612135 15
 .005665689 15
 .005159662 15
 .004070126 15
 .005295786 15
 .006090218 15
 .005399125 15
 .004893705 15
 .005466573 15
 .004495419 15
 .005549122 15
 .005124691 15
 .005014005 15
 .004858976 15
 .005668468 15
 .005544363 15
 .004428748 15
 .004992181 15
 .004405863 15
 .004718303 15
 .005470324 15
 .005619673 15
 .006206988 15
 .005314141 15
 .003369473 15
 .004518823 15
 .004281850 15
 .004880674 15
 .004383894 15
 .005501384 15
 .005610464 15
 .005040200 15
 .004816698 15
 .006835146 15
 .005248699 15
 .005383035 15
 .004862671 15
 .005440817 15
 .005293214 15
 .005771804 15
 .004661591 15
 .006266671 15
 .007190955 15
 .005387091 15
 .005378809 15
 .005032302 15
 .005944309 15
 .005606615 15
 .005643239 15
 .004921725 15
 .005288396 15
 .005558357 15
 .005833546 15
 .005423510 15
 .004970920 15
 .005902352 15
 .005836525 15
 .005288742 15
 .005006988 15
 .005998186 15
 .005215293 15
 .005996164 15
 .004775365 15
 .005698020 15
 .005449156 15
 .005515434 15
 .005176186 15
 .005471381 15
 .005024554 15
 .004951965 15
 .005184766 15
 .005578088 15
 .006013367 15
 .005526076 15
 .003710242 15
 .003043820 15
 .003718730 15
 .004187963 15
 .005301990 15
 .005678949 15
 .006154402 15
 .006774335 15
 .006194660 15
 .006063595 15
 .005788629 15
 .005342755 15
 .004934638 15
 .005512522 15
 .005177439 15
 .005742135 15
 .005076752 15
 .005166105 15
 .005663689 15
 .005114590 15
 .004005416 15
 .004568092 15
 .006264832 15
 .006354491 15
 .004613393 15
 .005419886 15
 .004945355 15
 .005978492 15
 .005087912 15
 .006124978 15
 .004675758 15
 .004711952 15
 .004409158 15
 .005551035 15
 .006315914 15
 .004864067 15
 .005899729 15
 .005331731 15
 .005225389 15
 .005242449 15
 .006200766 15
 .004425298 15
 .005866246 15
 .005990345 15
 .005248920 15
 .005774097 15
 .004903801 15
 .005762166 15
 .005202250 15
 .004732704 15
 .005825580 15
 .004471274 15
 .006204294 15
 .005638472 15
 .006176052 15
 .004664048 15
 .005548662 15
 .005301774 15
 .006223172 15
 .004648324 15
 .005927706 15
 .005120719 15
 .004169350 15
 .004804668 15
 .005534983 15
 .004690288 15
 .006009352 15
 .004684434 15
 .004635206 15
 .004909816 15
 .005249671 15
 .005463979 15
 .005176337 15
 .006740762 15
 .005231911 15
 .006050462 15
 .005433931 15
 .005855690 15
 .004964877 15
 .005267302 15
 .005881854 15
 .005856109 15
 .005534388 15
 .004770237 15
 .006706046 15
 .005547662 15
 .005546710 15
 .003777973 15
 .005030486 15
 .005724155 15
 .004702665 15
 .005861195 15
 .005233552 15
 .005903081 15
 .004369383 15
 .004657857 15
 .004042012 15
 .004686495 15
 .005628875 15
 .005737124 15
 .005464443 15
 .005205545 15
 .005092131 15
 .004000589 15
 .003959633 15
 .005369409 15
 .005208176 15
 .004335289 15
 .005375670 15
 .006063239 15
 .005508476 15
 .004175501 15
 .005395128 15
 .004826199 15
 .005276280 15
 .005400503 15
 .005514465 15
 .006324244 15
 .005798881 15
 .005171429 15
 .004898395 15
 .006129431 15
 .005164653 15
 .005520642 15
 .005364279 15
 .005850533 15
 .005040900 15
 .006235303 15
 .003092356 15
 .005118320 15
 .003583260 15
 .005066662 15
 .005162300 15
 .004825926 15
 .005198521 15
 .004678772 15
 .005175911 15
 .005081981 15
 .005081753 15
 .005003324 15
 .005314696 15
 .005659105 15
 .005630391 15
 .006063618 15
 .005373813 15
 .003885605 15
 .005687820 15
 .005553791 15
 .006169416 15
 .005191026 15
 .005368814 15
 .005737875 15
 .004987986 15
 .005176905 15
 .005126535 15
 .005569901 15
 .004962856 15
 .006774789 15
 .005474323 15
 .005542756 15
 .004990900 15
 .004942073 15
 .004361209 15
 .005557706 15
 .005763994 15
 .005193457 15
 .005891273 15
 .006005995 15
 .005204449 15
 .006351464 15
 .005822182 15
 .005095026 15
 .004880802 15
 .006186874 15
 .004929308 15
 .005822971 15
 .004997770 15
 .004956112 15
 .005076676 15
 .006377787 15
 .004682205 15
 .005806294 15
 .005784146 15
 .005762009 15
 .004199520 15
 .006614337 15
 .004323389 15
 .004740476 15
 .004911797 15
 .005324075 15
 .005985408 15
 .005694215 15
 .005211406 15
 .005134501 15
 .005684947 15
 .005188067 15
 .004744849 15
 .005296414 15
 .004219309 15
 .005671384 15
 .005311458 15
 .004770104 15
 .004224137 15
 .004255032 15
 .005549537 15
 .005602413 15
 .004236045 15
 .005440951 15
 .005537311 15
 .005906625 15
 .004698354 15
 .006211451 15
 .005288405 15
 .004848968 15
 .005594723 15
 .006730326 15
 .006005239 15
 .005504601 15
 .005486935 15
 .005252903 15
 .006360389 15
 .004130858 15
 .004934248 15
 .004963379 15
 .005425096 15
 .005100527 15
 .006074034 15
 .006104743 15
 .004137743 15
 .005000528 15
 .005254612 15
 .005140069 20
 .005652733 20
 .004694789 20
 .005915810 20
 .005165802 20
 .005612018 20
 .006339357 20
 .005623342 20
 .004281157 20
 .005806653 20
 .007392257 20
 .003897549 20
 .005902452 20
 .006534225 20
 .003612336 20
 .004217659 20
 .004188006 20
 .004859924 20
 .005577794 20
 .004480675 20
 .004909101 20
 .004388912 20
 .005389737 20
 .005884846 20
 .005490218 20
 .005480207 20
 .006098152 20
 .004155038 20
 .005266022 20
 .005472551 20
 .005201761 20
 .005796913 20
 .004952609 20
 .005076975 20
 .005357954 20
 .005684378 20
 .005892816 20
 .005660268 20
 .004182402 20
 .004809870 20
 .005476138 20
 .004834214 20
 .005861381 20
 .005743006 20
 .004995645 20
 .003768267 20
 .005087705 20
 .004780645 20
 .004870577 20
 .004876075 20
 .005044339 20
 .005412204 20
 .006827693 20
 .006113020 20
 .005045311 20
 .006071856 20
 .005691867 20
 .005141715 20
 .005588377 20
 .004819560 20
 .005160269 20
 .004847281 20
 .005639640 20
 .005563941 20
 .005175725 20
 .005417323 20
 .004895876 20
 .003697775 20
 .005700319 20
 .005823836 20
 .006245259 20
 .005984749 20
 .005244032 20
 .005651018 20
 .005281994 20
 .004762356 20
 .005602551 20
 .005931695 20
 .005904645 20
 .005434953 20
 .005432939 20
 .003871828 20
 .004919932 20
 .005598406 20
 .005103072 20
 .005223519 20
 .005067294 20
 .005448553 20
 .005523619 20
 .005157242 20
 .005036713 20
 .005511252 20
 .005895598 20
 .005442794 20
 .005116647 20
 .005610969 20
 .005244255 20
 .005261097 20
 .005737200 20
 .005525871 20
 .005502063 20
 .004858357 20
 .005145524 20
 .004149513 20
 .005777264 20
 .005695120 20
 .003590503 20
 .004666566 20
 .004889529 20
 .005022958 20
 .003975107 20
 .004743731 20
 .005486897 20
 .005478249 20
 .005013665 20
 .005987322 20
 .004626085 20
 .004971622 20
 .005736998 20
 .005076573 20
 .005395795 20
 .005811743 20
 .004921528 20
 .006708504 20
 .004899261 20
 .005228624 20
 .005245807 20
 .005518456 20
 .004558479 20
 .004853225 20
 .004864535 20
 .005633058 20
 .005950489 20
 .004588441 20
 .004701089 20
 .005407214 20
 .005545057 20
 .005725898 20
 .003872589 20
 .004997829 20
 .005016601 20
 .004615465 20
 .005593893 20
 .006319307 20
 .006089220 20
 .005373631 20
 .005442956 20
 .005506614 20
 .004967790 20
 .005199448 20
 .005360579 20
 .004800885 20
 .005231703 20
 .005599096 20
 .004665426 20
 .005123824 20
 .006475841 20
 .004319887 20
 .005203815 20
 .004157815 20
 .006692532 20
 .005336265 20
 .005729891 20
 .004307419 20
 .004944715 20
 .005529781 20
 .004411282 20
 .005769663 20
 .005594120 20
 .005125016 20
 .005581437 20
 .003889761 20
 .005342974 20
 .004509470 20
 .005133308 20
 .005803571 20
 .006441275 20
 .005639766 20
 .006403947 20
 .005847898 20
 .004930970 20
 .006311679 20
 .005940418 20
 .005479024 20
 .005871909 20
 .005620347 20
 .005469125 20
 .005707646 20
 .004621262 20
 .005820986 20
 .004864458 20
 .005865972 20
 .005441093 20
 .004692071 20
 .005190746 20
 .006473825 20
 .005434504 20
 .004206560 20
 .005546384 20
 .005875576 20
 .005256190 20
 .004277946 20
 .004897536 20
 .004650847 20
 .004407312 20
 .004756447 20
 .005045700 20
 .004617815 20
 .005392494 20
 .005840895 20
 .005874291 20
 .004794798 20
 .004164313 20
 .005245468 20
 .005580361 20
 .005508167 20
 .005525535 20
 .005276182 20
 .004413170 20
 .004378528 20
 .004993959 20
 .005598130 20
 .005588946 20
 .005637204 20
 .004690738 20
 .005467262 20
 .005452074 20
 .004413368 20
 .004723858 20
 .003960730 20
 .006042720 20
 .005391135 20
 .005031489 20
 .004858497 20
 .006383726 20
 .003933882 20
 .005423347 20
 .004068215 20
 .004564906 20
 .005298422 20
 .005770514 20
 .005229673 20
 .005418948 20
 .005643243 20
 .006130398 20
 .005146320 20
 .004914491 20
 .004097046 20
 .005307538 20
 .005960358 20
 .004734579 20
 .004008846 20
 .005446175 20
 .004917178 20
 .005810534 20
 .005149068 20
 .006138031 20
 .005608200 20
 .005109251 20
 .005476758 20
 .005176171 20
 .005460990 20
 .005603342 20
 .005538989 20
 .004615608 20
 .004863252 20
 .005234861 20
 .005595632 20
 .004622438 20
 .003963121 20
 .005915573 20
 .005323433 20
 .005026706 20
 .004939753 20
 .004956736 20
 .005476168 20
 .004687917 20
 .005227063 20
 .006299187 20
 .004877529 20
 .004984979 20
 .004475682 20
 .004757259 20
 .005289515 20
 .004786296 20
 .005550780 20
 .004379092 20
 .005590637 20
 .004887256 20
 .004110023 20
 .005222514 20
 .004708901 20
 .005409792 20
 .005157824 20
 .004752798 20
 .005225250 20
 .005863848 20
 .005509317 20
 .005407595 20
 .005971118 20
 .005792724 20
 .005668482 20
 .006568372 20
 .006296409 20
 .004109048 20
 .004727384 20
 .006124366 20
 .005204089 20
 .004719430 20
 .005393028 20
 .005629541 20
 .004247795 20
 .004616984 20
 .004198742 20
 .005643755 20
 .004813623 20
 .004895473 20
 .004784111 20
 .005467292 20
 .006320367 20
 .005767581 20
 .004959082 20
 .004525764 20
 .005708105 20
 .005271193 20
 .004727845 20
 .003725161 20
 .004639776 20
 .004801327 20
 .005463571 20
 .005573075 20
 .004818347 20
 .004283018 20
 .005643886 20
 .004446808 20
 .005544904 20
 .004935850 20
 .005194326 20
 .004661462 20
 .005094424 20
 .005580897 20
 .005023842 20
 .005100388 20
 .005795357 20
 .004275556 20
 .006571056 20
 .005036482 20
 .005206214 20
 .004689889 20
 .004954635 20
 .005078153 20
 .004929376 20
 .004984142 20
 .005135341 20
 .005349339 20
 .004461132 20
 .005658081 20
 .003168451 20
 .003459017 20
 .005005370 20
 .004238165 20
 .004588061 20
 .004890515 20
 .005336345 20
 .005070424 20
 .005246464 20
 .004828760 20
 .004814250 20
 .005237334 20
 .006055647 20
 .004327750 20
 .004890886 20
 .004271530 20
 .003993646 20
 .004504729 20
 .005423705 20
 .004741076 20
 .004809146 20
 .005511969 20
 .005597066 20
 .005408311 20
 .004733577 20
 .005213082 20
 .006238951 20
 .004216861 20
 .004801600 20
 .005574415 20
 .003998606 20
 .005053169 20
 .005530156 20
 .004751045 20
 .004669245 20
 .004963205 20
 .004226613 20
 .004825816 20
 .004866428 20
 .005265617 20
 .005538888 20
 .004641553 20
 .003910561 20
 .005564436 20
 .004870418 20
 .003911805 20
 .004223136 20
 .004748492 20
 .005915929 20
 .005140450 20
 .005982229 20
 .005178086 20
 .005948828 20
 .004567848 20
 .004919376 20
 .005923383 20
 .005144141 20
 .004211754 20
 .004410649 20
 .005201625 20
 .005841901 20
 .004256354 20
 .004333256 20
 .004109160 20
 .006569424 20
 .004514221 20
 .006153462 20
 .003299018 20
 .004423874 20
 .003014604 20
 .004973684 20
 .004344731 20
 .004622026 20
 .004383156 20
 .006933724 20
 .004896691 20
 .005642511 20
 .004945416 20
 .004809568 20
 .005474081 20
 .004044362 20
 .005201781 20
 .006050803 20
 .004358607 20
 .005151713 20
 .004905637 20
 .004776983 20
 .005116863 20
 .003258143 20
 .004145235 20
 .004246936 20
 .005680765 20
 .003686544 20
 .004875765 20
 .006001586 20
 .004471433 20
 .004262250 20
 .004519696 20
 .004340707 20
 .004743086 20
 .004329578 20
 .005974604 20
 .004942127 20
 .004859936 20
 .005004357 20
 .005728225 20
 .005585941 20
 .005370353 20
 .003932933 20
 .004018208 20
 .005907937 20
 .005810861 20
 .006230084 20
 .004858399 20
 .005820537 20
 .005937985 20
 .005201043 20
 .003364614 20
 .003564431 20
 .004336554 20
 .005289539 20
 .004118882 20
 .003801856 20
 .004389499 20
 .004446148 20
 .004266782 20
 .004021107 20
 .005221737 20
 .005351859 20
 .003891077 20
 .004442101 20
 .004259230 20
 .006081888 20
 .005505897 20
 .004110159 20
 .004712291 20
 .005177116 20
 .004425276 20
 .005284598 20
 .006099090 20
 .003782525 20
 .006702845 20
 .005008399 20
 .005553217 25
 .005534632 25
 .005281550 25
 .004269091 25
 .005009340 25
 .005279756 25
 .005488389 25
 .008197996 25
 .004544108 25
 .005430620 25
 .006368032 25
 .005818185 25
 .005178311 25
 .005008492 25
 .004610650 25
 .005074119 25
 .004696138 25
 .005041586 25
 .004495253 25
 .004931382 25
 .006319069 25
 .005832167 25
 .005683616 25
 .004156316 25
 .004700953 25
 .005246059 25
 .005499046 25
 .005779459 25
 .005867854 25
 .005797817 25
 .004539917 25
 .003925673 25
 .005409948 25
 .004191594 25
 .005114604 25
 .004249314 25
 .004273934 25
 .005740752 25
 .004990321 25
 .008784749 25
 .003433938 25
 .003388842 25
 .003557168 25
 .003447244 25
 .003989497 25
 .004205661 25
 .004964841 25
 .004779171 25
 .003840902 25
 .003804954 25
 .003031538 25
 .002838036 25
 .003487404 25
 .002804790 25
 .002816830 25
 .002898517 25
 .002898875 25
 .003207814 25
 .003819697 25
 .006264622 25
 .004854375 25
 .003958071 25
 .003428293 25
 .002943745 25
 .003734343 25
 .005319016 25
 .004277051 25
 .003251630 25
 .004394604 25
 .003121043 25
 .004171650 25
 .004957768 25
 .004678521 25
 .004850473 25
 .004517376 25
 .003785549 25
 .004935421 25
 .004490978 25
 .004209864 25
 .004928966 25
 .005793118 25
 .006308358 25
 .004805905 25
 .005725137 25
 .005393481 25
 .006330816 25
 .005453078 25
 .004319880 25
 .004806786 25
 .005954161 25
 .004357570 25
 .005258490 25
 .004525201 25
 .005874139 25
 .005047204 25
 .004980740 25
 .006293834 25
 .003952350 25
 .005332099 25
 .005165346 25
 .004901014 25
 .005155696 25
 .005965311 25
 .006343167 25
 .005593161 25
 .005172354 25
 .005606518 25
 .005124708 25
 .004502273 25
 .005998005 25
 .004345021 25
 .005440444 25
 .005229049 25
 .003627093 25
 .004709031 25
 .004850521 25
 .004456974 25
 .004794981 25
 .005741802 25
 .005563556 25
 .005330833 25
 .005200083 25
 .004547077 25
 .004944389 25
 .005548989 25
 .005912032 25
 .004318090 25
 .003117184 25
 .003396108 25
 .004194864 25
 .006575074 25
 .004892854 25
 .004965430 25
 .003614067 25
 .005137030 25
 .005745521 25
 .005048835 25
 .003375796 25
 .004209818 25
 .004246434 25
 .005072601 25
 .005316704 25
 .005877691 25
 .003915185 25
 .004961528 25
 .006030016 25
 .005454038 25
 .004435184 25
 .005762445 25
 .004261236 25
 .005490566 25
 .005919615 25
 .004738850 25
 .004687839 25
 .006196709 25
 .004545440 25
 .005499772 25
 .005252134 25
 .004874155 25
 .005184979 25
 .004270611 25
 .004517533 25
 .005895684 25
 .005318276 25
 .005823712 25
 .005845113 25
 .006117388 25
 .003153239 25
 .003410657 25
 .006850011 25
 .003935968 25
 .003364539 25
 .007021044 25
 .003395568 25
 .004670318 25
 .005806004 25
 .006653572 25
 .006401296 25
 .005152098 25
 .004196231 25
 .005721822 25
 .005903750 25
 .004707526 25
 .004696380 25
 .005523914 25
 .005750569 25
 .005290639 25
 .004564121 25
 .004610091 25
 .006282737 25
 .004674561 25
 .005532805 25
 .004372691 25
 .005519241 25
 .004666562 25
 .005745710 25
 .006326577 25
 .005132597 25
 .005197007 25
 .004456511 25
 .006833604 25
 .005229888 25
 .004791705 25
 .006498149 25
 .004441662 25
 .005176614 25
 .004761013 25
 .005227216 25
 .005396657 25
 .004561997 25
 .005470076 25
 .005403402 25
 .003427371 25
 .003565678 25
 .003565258 25
 .004465144 25
 .003164794 25
 .003252348 25
 .003367185 25
 .004582114 25
 .005211294 25
 .005195145 25
 .006152752 25
 .005665752 25
 .005132180 25
 .005607912 25
 .003955486 25
 .005183145 25
 .004640132 25
 .003127521 25
 .004816005 25
 .004524965 25
 .005158281 25
 .004191921 25
 .005201668 25
 .005608627 25
 .004839871 25
 .005912669 25
 .005653359 25
 .005850063 25
 .004927762 25
 .007780453 25
 .004617578 25
 .004081598 25
 .003954128 25
 .003402837 25
 .006596961 25
 .004469605 25
 .004482051 25
 .005841282 25
 .004169967 25
 .008561854 25
 .005456691 25
 .003906049 25
 .004243730 25
 .003273201 25
 .004456071 25
 .003167042 25
 .004938371 25
 .004532122 25
 .005610270 25
 .005950607 25
 .010783024 25
 .005237205 25
 .006702184 25
 .005362687 25
 .005192118 25
 .006561291 25
 .004678536 25
 .004654348 25
 .003393240 25
 .004664695 25
 .004789174 25
 .005486895 25
 .005374085 25
 .006155971 25
 .003822402 25
 .003322582 25
 .004009325 25
 .004173869 25
 .003475525 25
 .006022459 25
 .004502647 25
 .006091717 25
 .005091390 25
 .003460690 25
 .005114053 25
 .005375144 25
 .003726597 25
 .004573926 25
 .003994958 25
 .006554203 25
 .005203904 25
 .004838859 25
 .004095262 25
 .003991286 25
 .006138049 25
 .005415805 25
 .006103020 25
 .004337149 25
 .004015089 25
 .004469743 25
 .005742590 25
 .005318850 25
 .006628423 25
 .005663560 25
 .005599290 25
 .004816468 25
 .005379038 25
 .005396617 25
 .004493131 25
 .003914567 25
 .004245517 25
 .004810391 25
 .003929863 25
 .003894473 25
 .005686236 25
 .005194335 25
 .003876069 25
 .005235893 25
 .005434475 25
 .005167945 25
 .005622555 25
 .006577034 25
 .005232605 25
 .005288524 25
 .003915997 25
 .004639498 25
 .005884305 25
 .004680004 25
 .005567093 25
 .004466532 25
 .005296049 25
 .004679955 25
 .005452668 25
 .005235741 25
 .004036662 25
 .005864135 25
 .004922086 25
 .005320134 25
 .005613986 25
 .005506053 25
 .005918414 25
 .004376629 25
 .004375523 25
 .005215431 25
 .005948036 25
 .004210427 25
 .005129206 25
 .003362177 25
 .004499918 25
 .006127788 25
 .003670937 25
 .005266254 25
 .004339404 25
 .007359978 25
 .003445011 25
 .003442481 25
 .003388464 25
 .004459286 25
 .004731106 25
 .005275435 25
 .005121423 25
 .006352745 25
 .004202861 25
 .003680632 25
 .004803511 25
 .004083689 25
 .004715033 25
 .006435134 25
 .004553705 25
 .004934351 25
 .004418101 25
 .003955659 25
 .005845226 25
 .006448352 25
 .006270066 25
 .004771420 25
 .005369268 25
 .006065999 25
 .004593225 25
 .004973274 25
 .004919969 25
 .004721839 25
 .004881286 25
 .003948879 25
 .005152782 25
 .004790718 25
 .004362827 25
 .004417745 25
 .005428293 25
 .003527825 25
 .003911600 25
 .005319023 25
 .005838579 25
 .006169591 25
 .005100798 25
 .005439054 25
 .003566161 25
 .004581601 25
 .005796098 25
 .004747440 25
 .004533753 25
 .005500001 25
 .004698928 25
 .005513689 25
 .005257604 25
 .006551279 25
 .005161728 25
 .005488554 25
 .005972240 25
 .005013721 25
 .004994829 25
 .005939399 25
 .006261644 25
 .006329684 25
 .004699471 25
 .004944124 25
 .004867151 25
 .004441882 25
 .004565431 25
 .005128076 25
 .005888146 25
 .005634493 25
 .005444750 25
 .005513109 25
 .004936396 25
 .005977151 25
 .004404422 25
 .005677248 25
 .005525169 25
 .005698543 25
 .004456213 25
 .004346332 25
 .004211473 25
 .005098675 25
 .005535567 25
 .004293112 25
 .004612482 25
 .005225033 25
 .005951221 25
 .004499132 25
 .004697290 25
 .005012498 25
 .004955837 25
 .004420655 25
 .004933264 25
 .006103371 25
 .005527260 25
 .004979161 25
 .004744420 25
 .004601276 25
 .004925083 25
 .004092675 25
 .005001768 25
 .004332225 25
 .004724263 25
 .005828845 25
 .005566390 25
 .004679524 25
 .005135332 25
 .005389439 25
 .003172227 25
 .005939320 25
 .005223344 25
 .004931907 25
 .004739854 25
 .004880051 25
 .005964380 25
 .003284839 25
 .004280818 25
 .004028532 25
 .005373169 25
 .004881400 25
 .004390509 25
 .004128110 25
 .005599719 25
 .004587306 25
 .004557345 25
 .004956503 25
 .003437989 25
 .006377642 25
 .005431351 25
 .004816082 25
 .004566484 25
 .005801160 25
 .003712890 25
 .003506419 25
 .005435011 25
 .003220471 25
 .004271998 25
 .005510619 25
 .004692511 25
 .004020972 25
 .003478322 25
 .005046682 25
 .004570245 25
 .005414772 25
 .004676177 25
 .005448133 25
 .004868103 30
 .003874559 30
 .005372533 30
 .004991053 30
 .005328637 30
 .006475216 30
 .004515754 30
 .005195155 30
 .004588797 30
 .005029329 30
 .004177173 30
 .005094736 30
 .006399138 30
 .005110616 30
 .005193304 30
 .006428773 30
 .004261646 30
 .005389426 30
 .005917194 30
 .005693185 30
 .005117365 30
 .005252276 30
 .004642404 30
 .003764585 30
 .005340738 30
 .005075512 30
 .005695336 30
 .005168814 30
 .005736374 30
 .004103751 30
 .005556626 30
 .005969754 30
 .004959109 30
 .005638812 30
 .006668220 30
 .005542994 30
 .003618884 30
 .005586375 30
 .005202729 30
 .005431045 30
 .006254227 30
 .004904477 30
 .005558630 30
 .005662393 30
 .005400356 30
 .005555437 30
 .006046850 30
 .005515966 30
 .004665480 30
 .005041688 30
 .005145861 30
 .006538497 30
 .005036756 30
 .005767534 30
 .005857211 30
 .005583381 30
 .005116708 30
 .005174193 30
 .005034997 30
 .004861007 30
 .006020195 30
 .005359185 30
 .004980176 30
 .005297906 30
 .005937807 30
 .004722561 30
 .005606340 30
 .004661280 30
 .005790625 30
 .005581847 30
 .005511121 30
 .005815464 30
 .005286095 30
 .005144740 30
 .005272100 30
 .005498162 30
 .004652076 30
 .005328289 30
 .006242564 30
 .005811326 30
 .005739558 30
 .005922406 30
 .005170275 30
 .004887527 30
 .004365600 30
 .006075949 30
 .006093673 30
 .004988544 30
 .005476564 30
 .005749953 30
 .005223788 30
 .004368958 30
 .005363186 30
 .004168790 30
 .005214167 30
 .005622843 30
 .005839349 30
 .004998977 30
 .004607197 30
 .005529628 30
 .005946345 30
 .004702416 30
 .005165154 30
 .004191898 30
 .005842412 30
 .005957301 30
 .005694141 30
 .004599917 30
 .005848787 30
 .004981046 30
 .006055162 30
 .005097054 30
 .004057977 30
 .005031635 30
 .005545049 30
 .004245397 30
 .005099511 30
 .005304697 30
 .006394103 30
 .005322699 30
 .005905910 30
 .005155278 30
 .004569927 30
 .005540743 30
 .004396870 30
 .006027470 30
 .005225649 30
 .005197727 30
 .005561567 30
 .005449650 30
 .004840986 30
 .006360018 30
 .004702651 30
 .005175527 30
 .005400834 30
 .004219360 30
 .004831209 30
 .005223354 30
 .005904931 30
 .005180871 30
 .005818571 30
 .005562026 30
 .005233698 30
 .005679922 30
 .006001091 30
 .005713809 30
 .005464327 30
 .005202638 30
 .006472588 30
 .005245122 30
 .004921348 30
 .006277007 30
 .005451791 30
 .004630806 30
 .005688344 30
 .005120168 30
 .006135975 30
 .005412361 30
 .004957883 30
 .004900558 30
 .005267763 30
 .004916995 30
 .005496238 30
 .004828513 30
 .004520170 30
 .006087262 30
 .005423232 30
 .006023969 30
 .004846941 30
 .005573909 30
 .005495537 30
 .005621550 30
 .005330878 30
 .004317768 30
 .005155593 30
 .005045393 30
 .004814620 30
 .004732626 30
 .005164368 30
 .005168584 30
 .004674392 30
 .006262033 30
 .005145976 30
 .003748654 30
 .005888279 30
 .005955596 30
 .005820859 30
 .004992430 30
 .004798228 30
 .004886802 30
 .004920353 30
 .004604910 30
 .005826364 30
 .005157660 30
 .003623099 30
 .004510361 30
 .005805751 30
 .004805751 30
 .005092553 30
 .005539966 30
 .004583554 30
 .005556529 30
 .006044759 30
 .004347950 30
 .005535200 30
 .004662786 30
 .004890350 30
 .005670359 30
 .004784723 30
 .006062242 30
 .005640186 30
 .005090083 30
 .005548807 30
 .004716349 30
 .006375980 30
 .005939219 30
 .005907828 30
 .005256347 30
 .005366821 30
 .004999239 30
 .005552411 30
 .004473500 30
 .005218136 30
 .005567752 30
 .004683925 30
 .005073006 30
 .007522248 30
 .005085630 30
 .007481768 30
 .007191062 30
 .004501150 30
 .004463870 30
 .003318063 30
 .005745414 30
 .005307219 30
 .003589256 30
 .006431834 30
 .005105756 30
 .003927131 30
 .005118231 30
 .006838321 30
 .003384147 30
 .004447293 30
 .005226033 30
 .003627894 30
 .006249496 30
 .005516786 30
 .004261921 30
 .004873123 30
 .005401082 30
 .004931550 30
 .005424600 30
 .005348301 30
 .005633887 30
 .004329904 30
 .005126610 30
 .005283728 30
 .004507087 30
 .005150195 30
 .004883674 30
 .005245595 30
 .005837247 30
 .003878073 30
 .003980556 30
 .005056197 30
 .003185308 30
 .006650442 30
 .005343975 30
 .003979928 30
 .005428580 30
 .008993926 30
 .003429841 30
 .008049321 30
 .004267327 30
 .006183956 30
 .005224589 30
 .004328352 30
 .004434925 30
 .004864768 30
 .005618321 30
 .004934854 30
 .003422331 30
 .003432145 30
 .004438320 30
 .005714675 30
 .006828772 30
 .003947574 30
 .004499131 30
 .005329520 30
 .005290173 30
 .004966511 30
 .004214858 30
 .003847702 30
 .005261994 30
 .004188510 30
 .004402853 30
 .005249848 30
 .004024440 30
 .004376908 30
 .005407053 30
 .004993881 30
 .006087755 30
 .006534131 30
 .005872893 30
 .004932825 30
 .006344068 30
 .005190030 30
 .004548385 30
 .005572544 30
 .005168494 30
 .005537281 30
 .005589388 30
 .006193252 30
 .005615333 30
 .004765273 30
 .004999494 30
 .005821829 30
 .005414651 30
 .005619859 30
 .005777212 30
 .005466161 30
 .004574243 30
 .004606373 30
 .005094054 30
 .005975950 30
 .003835178 30
 .006344812 30
 .005627583 30
 .005085589 30
 .003579749 30
 .004757059 30
 .004106816 30
 .004706622 30
 .003906831 30
 .005152253 30
 .004904757 30
 .004926822 30
 .004852727 30
 .005671921 30
 .005058557 30
 .004119293 30
 .004874074 30
 .006067948 30
 .004293032 30
 .004261955 30
 .004749007 30
 .004345518 30
 .006343131 30
 .004796672 30
 .004177301 30
 .004874328 30
 .005958478 30
 .005136360 30
 .005399064 30
 .006863233 30
 .004808959 30
 .005227327 30
 .004683587 30
 .005223680 30
 .004934676 30
 .005998094 30
 .004765620 30
 .006826641 30
 .005474386 30
 .004711289 30
 .005357900 30
 .004198861 30
 .005691902 30
 .005475854 30
 .006291382 30
 .005087183 30
 .004972447 30
 .004541964 30
 .005347198 30
 .005509537 30
 .006109235 30
 .004696583 30
 .006059793 30
 .004373043 30
 .004683696 30
 .005474191 30
 .004900572 30
 .005339014 30
 .006842007 30
 .004973090 30
 .006392658 30
 .005309493 30
 .005796166 30
 .005991084 30
 .005286336 30
 .005536917 30
 .006634442 30
 .004808524 30
 .005214648 30
 .005194856 30
 .005447851 30
 .005952237 30
 .004935419 30
 .005254166 30
 .004714947 30
 .004505912 30
 .005195804 30
 .005483061 30
 .005442564 30
 .004579303 30
 .004860235 30
 .004410602 30
 .005212945 30
 .005357911 30
 .005467130 30
 .004566240 30
 .005844233 30
 .005145515 30
 .004815850 30
 .005260393 30
 .005852331 30
 .005597088 30
 .006299870 30
 .004676841 30
 .006468676 30
 .005315669 30
 .004596389 30
 .005880035 30
 .005265167 30
 .006453480 30
 .004583604 30
 .004981270 30
 .005519091 30
 .005316078 30
 .005525672 30
 .004428319 30
 .004095053 30
 .005527793 30
 .005017718 30
 .004599558 30
 .004861297 30
 .005639081 30
 .004838682 30
 .004848248 30
 .004511779 30
 .005255949 30
 .005067003 30
 .005627571 30
 .004164048 30
 .004406127 30
 .005103058 30
 .005161631 30
 .004639245 30
 .004588033 30
 .005787776 30
 .005333614 30
 .005333844 30
 .004554261 30
 .005110928 30
 .004709753 30
 .005193053 30
 .004420749 30
 .005781763 30
 .004654972 30
 .004544232 30
 .005283013 30
 .004464954 30
 .004647118 30
 .004383047 30
 .004404770 30
 .004615307 30
 .005379985 30
 .005966269 30
 .004889727 30
 .004471913 30
 .005995128 30
 .004980742 30
 .004964751 30
 .006225140 30
 .003501698 30
 .004231508 30
 .005637150 30
 .005224938 30
 .006614697 30
 .005620346 30
 .005006349 30
 .004685340 30
 .005283070 30
 .005190688 30
 .005245123 30
 .004655845 30
 .006648509 30
 .004989854 30
 .005362492 30
 .004680431 30
 .006108720 30
 .005549266 30
 .004202408 30
 .005140498 30
 .005351762 30
 .005357402 30
 .004918908 30
 .006012080 30
 .005159965 30
 .005894403 30
 .004692912 35
 .006023901 35
 .006071894 35
 .006021883 35
 .005563943 35
 .006180150 35
 .005335603 35
 .005804217 35
 .005540295 35
 .004588116 35
 .005874374 35
 .004892481 35
 .003517178 35
 .003901194 35
 .005384122 35
 .005679992 35
 .005245239 35
 .004245876 35
 .005619696 35
 .004126537 35
 .004230628 35
 .004912182 35
 .005015495 35
 .005090293 35
 .005994227 35
 .005556295 35
 .005036881 35
 .005267838 35
 .005317542 35
 .004616661 35
 .005201717 35
 .003742963 35
 .005807994 35
 .006164288 35
 .004863734 35
 .005541884 35
 .005687157 35
 .005387682 35
 .004031933 35
 .004513223 35
 .005492423 35
 .005433867 35
 .004472657 35
 .006115837 35
 .005926137 35
 .005215493 35
 .006099577 35
 .005332799 35
 .005486196 35
 .006233155 35
 .005145825 35
 .005218109 35
 .004648401 35
 .004567210 35
 .006020257 35
 .005282631 35
 .005511354 35
 .005034781 35
 .005455323 35
 .005712679 35
 .003154768 35
 .003337955 35
 .004963911 35
 .003286661 35
 .004385502 35
 .005519435 35
 .004048128 35
 .005825989 35
 .003431764 35
 .005107345 35
 .006553667 35
 .005650074 35
 .005934336 35
 .004663911 35
 .004512774 35
 .004226278 35
 .007486135 35
 .003173402 35
 .004544318 35
 .006946895 35
 .004050151 35
 .004551574 35
 .004839729 35
 .005308340 35
 .006018651 35
 .004426529 35
 .006026606 35
 .004229903 35
 .005425960 35
 .006224350 35
 .005752168 35
 .004625484 35
 .004236244 35
 .004798816 35
 .005490083 35
 .006358157 35
 .005021295 35
 .004861063 35
 .005757496 35
 .004811576 35
 .006292833 35
 .004194641 35
 .004957168 35
 .005571606 35
 .005716302 35
 .004650080 35
 .004766729 35
 .005639126 35
 .005960808 35
 .005408804 35
 .005754749 35
 .005273188 35
 .005231838 35
 .005159758 35
 .005283008 35
 .005860301 35
 .005128993 35
 .005891319 35
 .006044309 35
 .003395678 35
 .004773767 35
 .005580479 35
 .005094525 35
 .005899982 35
 .004761049 35
 .005768739 35
 .006175702 35
 .004925495 35
 .005181571 35
 .006219095 35
 .005468216 35
 .004282640 35
 .004111748 35
 .005397956 35
 .004724628 35
 .004404600 35
 .005157907 35
 .004535290 35
 .005451758 35
 .005114311 35
 .004701250 35
 .006124876 35
 .004324234 35
 .005810598 35
 .004845565 35
 .006401555 35
 .005616077 35
 .004867905 35
 .005251612 35
 .005164089 35
 .005985527 35
 .005203534 35
 .005821026 35
 .005190800 35
 .005938571 35
 .005834816 35
 .005195620 35
 .005984826 35
 .005658890 35
 .005556267 35
 .004217188 35
 .005048645 35
 .005332009 35
 .005688668 35
 .004888412 35
 .004996901 35
 .006351713 35
 .005862852 35
 .004602122 35
 .004939369 35
 .004889376 35
 .005906552 35
 .005542117 35
 .005393207 35
 .004558668 35
 .005169846 35
 .006214818 35
 .004952199 35
 .005138644 35
 .004709853 35
 .004474058 35
 .004857580 35
 .005008918 35
 .005753612 35
 .004320759 35
 .005106556 35
 .004999348 35
 .004000379 35
 .005417663 35
 .004870660 35
 .005212163 35
 .005054840 35
 .006624513 35
 .005019277 35
 .006456193 35
 .004982193 35
 .004166553 35
 .006226326 35
 .004920204 35
 .004709783 35
 .005559902 35
 .006051515 35
 .006132162 35
 .004918969 35
 .004856398 35
 .005404631 35
 .005907987 35
 .004539140 35
 .005266859 35
 .005240880 35
 .005804360 35
 .005112684 35
 .004889242 35
 .005718279 35
 .005829178 35
 .005241359 35
 .005199639 35
 .005500226 35
 .005422202 35
 .005974315 35
 .004434593 35
 .005599225 35
 .004767161 35
 .005277278 35
 .005617521 35
 .005224760 35
 .005073179 35
 .005698771 35
 .005820186 35
 .005296884 35
 .003637676 35
 .003291961 35
 .004798372 35
 .005837009 35
 .005137363 35
 .005983705 35
 .005486128 35
 .006034707 35
 .005750249 35
 .005727648 35
 .005046163 35
 .005090350 35
 .004903259 35
 .005289478 35
 .004395180 35
 .005485279 35
 .004463745 35
 .005133647 35
 .005686296 35
 .005455539 35
 .004591163 35
 .004483015 35
 .004923517 35
 .004676764 35
 .006068142 35
 .005626820 35
 .006278958 35
 .005854818 35
 .005881611 35
 .004895400 35
 .005650145 35
 .006510620 35
 .004935338 35
 .005489249 35
 .006005609 35
 .003711476 35
 .005203975 35
 .004698806 35
 .005513026 35
 .005978715 35
 .005934755 35
 .004643667 35
 .005631641 35
 .004676346 35
 .004992772 35
 .005570123 35
 .005538087 35
 .005191151 35
 .005016047 35
 .005465235 35
 .006056197 35
 .005415202 35
 .004109660 35
 .005233066 35
 .005483617 35
 .005752213 35
 .005548833 35
 .005525002 35
 .004532874 35
 .004901121 35
 .006197111 35
 .005188570 35
 .005338013 35
 .006341978 35
 .004668330 35
 .005171207 35
 .004836080 35
 .005374728 35
 .006317568 35
 .004985100 35
 .004656924 35
 .005588834 35
 .005243854 35
 .005805306 35
 .005613970 35
 .005457565 35
 .005238003 35
 .004708959 35
 .004784017 35
 .005345965 35
 .005962717 35
 .005801331 35
 .004075023 35
 .005494169 35
 .005801894 35
 .005826830 35
 .005801333 35
 .004928503 35
 .005261324 35
 .005767791 35
 .006366161 35
 .004494046 35
 .005250984 35
 .005619246 35
 .005894705 35
 .005672036 35
 .004913699 35
 .006773809 35
 .004376612 35
 .005106141 35
 .005305919 35
 .006150106 35
 .006282031 35
 .006168222 35
 .005684763 35
 .004396035 35
 .005670648 35
 .004727454 35
 .004608912 35
 .005410359 35
 .004813963 35
 .004506361 35
 .005566622 35
 .005068178 35
 .004944539 35
 .004131026 35
 .005309606 35
 .005234002 35
 .005205873 35
 .005263007 35
 .005080986 35
 .006083766 35
 .005622492 35
 .005069849 35
 .004807121 35
 .005512568 35
 .004623344 35
 .005761345 35
 .005322251 35
 .005141567 35
 .005791869 35
 .005135112 35
 .004989149 35
 .004664434 35
 .005073273 35
 .005207091 35
 .004986413 35
 .005271318 35
 .004677205 35
 .004830177 35
 .005739405 35
 .004088237 35
 .004776250 35
 .004540942 35
 .005334910 35
 .004458708 35
 .006028275 35
 .005932259 35
 .004817189 35
 .005341934 35
 .004811786 35
 .004868804 35
 .006142986 35
 .005295823 35
 .004869468 35
 .004766668 35
 .005537579 35
 .004058477 35
 .005172265 35
 .005646270 35
 .004869836 35
 .004021948 35
 .005117235 35
 .006102673 35
 .005825625 35
 .005128885 35
 .004873007 35
 .005603259 35
 .003823220 35
 .004245351 35
 .003520425 35
 .004325054 35
 .005001896 35
 .003490924 35
 .004850369 35
 .006094353 35
 .004906840 35
 .005178221 35
 .004165960 35
 .005444383 35
 .005634324 35
 .005536605 35
 .003912951 35
 .005852322 35
 .003323594 35
 .004594702 35
 .005598914 35
 .004798672 35
 .006103086 35
 .005961101 35
 .005500018 35
 .005533319 35
 .005738126 35
 .006319593 35
 .004687101 35
 .005839735 35
 .006100530 35
 .005821125 35
 .005684761 35
 .004997109 35
 .004502933 35
 .006426976 35
 .004346817 35
 .005579948 35
 .005008880 35
 .004974016 35
 .004646452 35
 .005504153 35
 .005367200 35
 .004780739 35
 .005690653 35
 .005187022 35
 .005602411 35
 .003987968 35
 .005009483 35
 .006001076 35
 .003490365 35
 .004017576 35
 .004623083 35
 .005473251 35
 .006055397 35
 .004472375 35
 .004633250 35
 .004651912 35
 .005412820 35
 .004725952 35
 .005265154 35
 .006279784 35
 .004672989 35
 .004835752 35
 .006010041 35
 .004951925 35
 .005758144 35
 .005665608 35
 .005178392 35
 .005367884 35
 .005118010 35
 .005068916 35
 .005797865 35
 .005942348 35
 .006012699 35
 .005038541 35
 .004967086 35
 .004937097 35
 .005953827 35
 .004103577 35
 .004701700 35
 .005876799 35
 .005952454 35
 .003898847 35
 .004738675 35
 .004812786 35
 .005487924 35
 .005298525 35
 .004578811 35
 .004582830 35
 .005130324 35
 .004877998 35
 .004469555 35
 .005562960 35
 .006272302 35
 .004106162 35
 .005846721 35
 .005395664 35
 .005623832 35
 .004198966 35
 .005870425 35
 .004663893 35
 .005337544 35
 .006319860 35
 .005667578 40
 .004728129 40
 .005872492 40
 .004799609 40
 .005844551 40
 .004886394 40
 .005539206 40
 .005560958 40
 .004904040 40
 .005001359 40
 .004880600 40
 .004733412 40
 .005002546 40
 .005648869 40
 .004946555 40
 .005130434 40
 .006190934 40
 .005363862 40
 .004941919 40
 .004522936 40
 .004667139 40
 .005120449 40
 .006585750 40
 .003479567 40
 .005024465 40
 .005270276 40
 .005229868 40
 .005530174 40
 .005391039 40
 .006331018 40
 .005122064 40
 .005450047 40
 .004917112 40
 .004879890 40
 .005479195 40
 .004214965 40
 .004865032 40
 .006067011 40
 .004569151 40
 .004870173 40
 .004740553 40
 .004350590 40
 .005112043 40
 .003693246 40
 .004925131 40
 .005247940 40
 .006025294 40
 .005508756 40
 .005742894 40
 .005537804 40
 .004924909 40
 .004646657 40
 .005618267 40
 .005796806 40
 .003930980 40
 .004983651 40
 .005535223 40
 .005123839 40
 .004275120 40
 .003566478 40
 .005111239 40
 .005449548 40
 .004903333 40
 .005258863 40
 .005469747 40
 .003340552 40
 .005032541 40
 .004568034 40
 .004472742 40
 .005970892 40
 .005205728 40
 .005755270 40
 .005572588 40
 .004959120 40
 .004241671 40
 .005816294 40
 .006891012 40
 .004441611 40
 .004615055 40
 .004969421 40
 .006459366 40
 .005267021 40
 .006475908 40
 .004148674 40
 .004421825 40
 .006113493 40
 .003982833 40
 .006251788 40
 .004962470 40
 .005837219 40
 .005818486 40
 .006256290 40
 .006194358 40
 .004579895 40
 .005675304 40
 .004208208 40
 .004402151 40
 .004749814 40
 .004425724 40
 .004873849 40
 .005629749 40
 .004789832 40
 .005169805 40
 .005483720 40
 .005224602 40
 .004666649 40
 .005443238 40
 .006533701 40
 .003205297 40
 .003240906 40
 .004040149 40
 .006070282 40
 .006700455 40
 .004811036 40
 .003795597 40
 .003908572 40
 .003074267 40
 .004138880 40
 .005125926 40
 .003951517 40
 .004663656 40
 .005268466 40
 .006265516 40
 .003194322 40
 .004317267 40
 .005132774 40
 .009584288 40
 .005197782 40
 .003461612 40
 .003346271 40
 .005437445 40
 .003599538 40
 .003044256 40
 .003306792 40
 .003751606 40
 .006505809 40
 .004879119 40
 .003488554 40
 .003290837 40
 .004113736 40
 .004882717 40
 .005161182 40
 .005107427 40
 .006162691 40
 .004917459 40
 .004422472 40
 .005582843 40
 .004226438 40
 .005305767 40
 .004065655 40
 .003319681 40
 .004270815 40
 .004567782 40
 .004630138 40
 .004418648 40
 .003352078 40
 .004860335 40
 .003219504 40
 .003419467 40
 .004582056 40
 .005147580 40
 .005540383 40
 .004713155 40
 .003850376 40
 .004162865 40
 .003670060 40
 .003366747 40
 .003601181 40
 .003763968 40
 .005179676 40
 .003309133 40
 .004641806 40
 .004512290 40
 .004504265 40
 .004679767 40
 .004675247 40
 .005269121 40
 .004804471 40
 .003267802 40
 .003449984 40
 .003507530 40
 .005472452 40
 .004014032 40
 .005159194 40
 .003954028 40
 .006393954 40
 .006719120 40
 .003594888 40
 .003850591 40
 .003117940 40
 .004079167 40
 .005317007 40
 .004592432 40
 .004920884 40
 .005597656 40
 .006570650 40
 .005044807 40
 .004286032 40
 .005550562 40
 .004465732 40
 .004339040 40
 .003659795 40
 .004851727 40
 .005990623 40
 .005616320 40
 .005637352 40
 .005173140 40
 .006339268 40
 .006196934 40
 .003477379 40
 .004722699 40
 .004874432 40
 .005383938 40
 .005113781 40
 .004754402 40
 .003385483 40
 .004332103 40
 .005439737 40
 .004171903 40
 .004882879 40
 .005410792 40
 .005276777 40
 .003354178 40
 .004333909 40
 .006743820 40
 .005530820 40
 .005352667 40
 .005696074 40
 .007305940 40
 .004531588 40
 .004180524 40
 .005596783 40
 .005019636 40
 .003548406 40
 .003790113 40
 .006378719 40
 .005567096 40
 .005637688 40
 .005552473 40
 .005531218 40
 .005963184 40
 .003205485 40
 .004604287 40
 .006667669 40
 .003874029 40
 .004705322 40
 .004442502 40
 .006362609 40
 .003892275 40
 .004812481 40
 .004427712 40
 .006007505 40
 .003358238 40
 .003712864 40
 .004954768 40
 .006041488 40
 .004181046 40
 .004833891 40
 .003178590 40
 .003862558 40
 .006221808 40
 .004175401 40
 .006043419 40
 .004325429 40
 .005302273 40
 .005646536 40
 .005207810 40
 .003717001 40
 .004975918 40
 .005054646 40
 .004929275 40
 .004826864 40
 .005185646 40
 .003788038 40
 .006322676 40
 .005157648 40
 .006965590 40
 .004275919 40
 .004759968 40
 .004571146 40
 .004513944 40
 .003882555 40
 .006419271 40
 .004553874 40
 .005443243 40
 .004765877 40
 .005061646 40
 .004396523 40
 .004497531 40
 .005700898 40
 .004161113 40
 .005456173 40
 .004511944 40
 .005295858 40
 .004948704 40
 .003510755 40
 .004587791 40
 .004385383 40
 .004444703 40
 .005742348 40
 .004831074 40
 .005129876 40
 .005693899 40
 .004989112 40
 .004703062 40
 .006324914 40
 .005092008 40
 .005160689 40
 .004569366 40
 .004521935 40
 .005322530 40
 .004556348 40
 .004984780 40
 .003929901 40
 .005736123 40
 .005755290 40
 .006349509 40
 .004416261 40
 .004717864 40
 .006145761 40
 .005560963 40
 .004566479 40
 .005632119 40
 .006620526 40
 .006042565 40
 .005585932 40
 .004890981 40
 .007208432 40
 .006327108 40
 .006450098 40
 .005390352 40
 .004742717 40
 .005466067 40
 .003452569 40
 .003843685 40
 .004730382 40
 .005001913 40
 .006177943 40
 .004650537 40
 .005031716 40
 .005550509 40
 .004949566 40
 .005220569 40
 .004426275 40
 .005269913 40
 .004120485 40
 .003819042 40
 .005187336 40
 .005620407 40
 .004218742 40
 .005359665 40
 .003825725 40
 .005587222 40
 .003796995 40
 .006654450 40
 .004357645 40
 .005173327 40
 .004350477 40
 .004782439 40
 .006049658 40
 .004843568 40
 .005500099 40
 .004878267 40
 .004675642 40
 .005322754 40
 .005104440 40
 .004342230 40
 .003677358 40
 .003193616 40
 .004431394 40
 .004816806 40
 .005980422 40
 .003448222 40
 .003296511 40
 .004652161 40
 .004495489 40
 .005557944 40
 .004592832 40
 .005292358 40
 .005374935 40
 .005232240 40
 .004975917 40
 .005733076 40
 .005513459 40
 .004905968 40
 .005258045 40
 .005117318 40
 .005958743 40
 .004587717 40
 .005709108 40
 .004525943 40
 .004893048 40
 .005605500 40
 .004784665 40
 .005849238 40
 .005700303 40
 .005364100 40
 .004180368 40
 .006033256 40
 .005611111 40
 .006021156 40
 .005893672 40
 .006244652 40
 .005228215 40
 .005420012 40
 .005184556 40
 .005184075 40
 .004825017 40
 .005380598 40
 .005132734 40
 .004994732 40
 .005879911 40
 .005028760 40
 .004560432 40
 .005162190 40
 .004647893 40
 .005331940 40
 .006270176 40
 .004902171 40
 .005937158 40
 .004524663 40
 .005428611 40
 .005294947 40
 .005904504 40
 .005399281 40
 .006703992 40
 .005231235 40
 .005887718 40
 .004892543 40
 .005263201 40
 .004915286 40
 .004724366 40
 .004407885 40
 .005652380 40
 .005366581 40
 .005570688 40
 .004900503 40
 .003913095 40
 .004516533 40
 .005508851 40
 .004099087 40
 .005536163 40
 .005997835 40
 .004430099 40
 .005102933 40
 .005527443 40
 .005611340 40
 .004842700 40
 .004266149 40
 .004458790 40
 .006169941 40
 .005508087 40
 .005789922 40
 .004449136 40
 .005855824 40
 .004893578 40
 .005218651 40
 .005133173 40
 .004571417 40
 .005133034 40
 .006051916 40
 .004360917 40
 .004058723 40
 .004990840 40
 .004314990 40
 .007022008 40
 .005330465 40
 .006306052 40
 .005174281 40
 .005166660 40
 .004797821 40
 .004311031 40
 .005145179 40
 .005675772 40
 .005193690 40
 .006488547 40
 .003739852 40
 .004539417 40
 .004857199 40
 .004034701 40
 .004561855 40
 .005323881 40
 .005078062 40
 .004061588 40
 .004942490 40
 .005642647 40
 .005730563 40
 .005563346 40
 .005134982 40
 .005329380 40
 .006390054 40
 .005184352 40
 .005566739 40
 .005759924 40
 .005208469 40
 .004961912 40
 .005949300 40
 .006399401 40
 .005252965 40
 .006343223 40
 .003729296 45
 .004749628 45
 .005332878 45
 .006470141 45
 .005508733 45
 .005109020 45
 .004484634 45
 .006412981 45
 .006297503 45
 .005571679 45
 .005121745 45
 .006051343 45
 .004570786 45
 .004957945 45
 .004852472 45
 .004784415 45
 .005192121 45
 .003848114 45
 .005448253 45
 .005487306 45
 .006435350 45
 .005718180 45
 .004907954 45
 .005573836 45
 .005794187 45
 .005764736 45
 .005169067 45
 .004888235 45
 .004990025 45
 .005521105 45
 .005510050 45
 .005779070 45
 .005194775 45
 .005579845 45
 .006205260 45
 .005914337 45
 .005066050 45
 .005149722 45
 .006420086 45
 .004942093 45
 .006109024 45
 .005658302 45
 .006362872 45
 .004924061 45
 .003640725 45
 .005584895 45
 .005448862 45
 .005695019 45
 .004419852 45
 .005679214 45
 .004756956 45
 .005167175 45
 .005765705 45
 .004938541 45
 .005303334 45
 .005235557 45
 .005041914 45
 .003821476 45
 .005084202 45
 .004983088 45
 .005561715 45
 .006302290 45
 .004981750 45
 .005861433 45
 .004213353 45
 .005042781 45
 .004789146 45
 .004952947 45
 .004191094 45
 .005529795 45
 .003889293 45
 .004493539 45
 .005986395 45
 .004757560 45
 .005997547 45
 .004779680 45
 .004979849 45
 .004798567 45
 .004078119 45
 .005892807 45
 .004786401 45
 .004731596 45
 .004761602 45
 .004992134 45
 .005478583 45
 .006079077 45
 .004010406 45
 .005224545 45
 .004635193 45
 .005712145 45
 .004662890 45
 .006678255 45
 .005509344 45
 .005050911 45
 .004913424 45
 .005465755 45
 .003804989 45
 .005466637 45
 .006410755 45
 .006536008 45
 .004995399 45
 .005764511 45
 .004808464 45
 .005173665 45
 .004701605 45
 .004345239 45
 .005378835 45
 .005031170 45
 .005486091 45
 .004030059 45
 .004445292 45
 .005173563 45
 .005367070 45
 .003962941 45
 .004246114 45
 .005120881 45
 .004529834 45
 .004788022 45
 .005349514 45
 .003897611 45
 .005204296 45
 .003216128 45
 .004470998 45
 .005079411 45
 .004712780 45
 .005263501 45
 .005557466 45
 .004571374 45
 .005478741 45
 .005360274 45
 .004449231 45
 .006038171 45
 .005137881 45
 .005601729 45
 .005147115 45
 .004639360 45
 .004635040 45
 .006113005 45
 .005927819 45
 .005220626 45
 .004955445 45
 .005286803 45
 .005641968 45
 .007312126 45
 .003525933 45
 .004651216 45
 .005678215 45
 .005413752 45
 .005107440 45
 .005486870 45
 .004882241 45
 .004241251 45
 .005571754 45
 .003751509 45
 .005917022 45
 .004867751 45
 .004559262 45
 .005244829 45
 .005139415 45
 .006286996 45
 .006393182 45
 .005644891 45
 .004703547 45
 .005059538 45
 .004941019 45
 .005287925 45
 .005111775 45
 .004989892 45
 .004927925 45
 .003870722 45
 .005027996 45
 .005452906 45
 .006242681 45
 .004280297 45
 .006424411 45
 .004916079 45
 .004980974 45
 .004877818 45
 .005854001 45
 .005435124 45
 .005640166 45
 .005300945 45
 .004698096 45
 .005298966 45
 .005463794 45
 .004935009 45
 .005546022 45
 .005706110 45
 .004854906 45
 .004785513 45
 .004856673 45
 .005847569 45
 .005142081 45
 .005578612 45
 .004670469 45
 .005244222 45
 .005955677 45
 .005741203 45
 .006445388 45
 .005455279 45
 .004883123 45
 .004803215 45
 .004695281 45
 .005941027 45
 .005553508 45
 .005160650 45
 .005182887 45
 .005075577 45
 .005154572 45
 .004483290 45
 .004669008 45
 .004985241 45
 .004803322 45
 .004086982 45
 .004645707 45
 .003756486 45
 .006426208 45
 .004736566 45
 .004807952 45
 .005394112 45
 .004181409 45
 .003274223 45
 .004607150 45
 .004715488 45
 .005706313 45
 .005262430 45
 .004901275 45
 .004207525 45
 .005652230 45
 .004839560 45
 .004203461 45
 .005381827 45
 .004821620 45
 .004702261 45
 .004399838 45
 .005422086 45
 .004717054 45
 .005992433 45
 .006016209 45
 .005464601 45
 .004080600 45
 .005002677 45
 .005578067 45
 .003271836 45
 .003924612 45
 .005351777 45
 .004914732 45
 .004070059 45
 .005471008 45
 .006746806 45
 .004837368 45
 .005706865 45
 .005123771 45
 .004612020 45
 .004825613 45
 .004556201 45
 .005341006 45
 .004715346 45
 .004525669 45
 .004485091 45
 .004038932 45
 .004755877 45
 .006292625 45
 .003537283 45
 .005241378 45
 .005263520 45
 .004015259 45
 .004780387 45
 .005834413 45
 .004663064 45
 .005797709 45
 .005039706 45
 .004839080 45
 .003936405 45
 .005258105 45
 .005045659 45
 .005679508 45
 .005640429 45
 .005587653 45
 .005628065 45
 .005293748 45
 .004405973 45
 .004093567 45
 .004359981 45
 .003823452 45
 .004835139 45
 .004503299 45
 .005260624 45
 .004866705 45
 .004051634 45
 .004155250 45
 .003270654 45
 .003960110 45
 .005689171 45
 .005846998 45
 .003802440 45
 .005685485 45
 .005206511 45
 .005058704 45
 .006008232 45
 .004729844 45
 .004880383 45
 .004527161 45
 .004115993 45
 .005157566 45
 .005161266 45
 .005254168 45
 .005114921 45
 .005706192 45
 .005130929 45
 .005887815 45
 .004106875 45
 .005812311 45
 .003869217 45
 .005075384 45
 .005029261 45
 .004783074 45
 .004881747 45
 .003458415 45
 .004606167 45
 .005495232 45
 .005666713 45
 .004245369 45
 .004870427 45
 .004886075 45
 .005093050 45
 .005495579 45
 .006315599 45
 .004528699 45
 .005142467 45
 .004382241 45
 .003505614 45
 .004055492 45
 .005674918 45
 .005279681 45
 .005243534 45
 .003750431 45
 .003948451 45
 .004686172 45
 .004947824 45
 .004533247 45
 .005435380 45
 .006533897 45
 .005449993 45
 .005231994 45
 .004614615 45
 .004440176 45
 .004656210 45
 .006061260 45
 .005178116 45
 .005001161 45
 .006435424 45
 .006557760 45
 .005875349 45
 .004949767 45
 .003989261 45
 .004838820 45
 .004782086 45
 .004331190 45
 .005081251 45
 .004161072 45
 .005657474 45
 .004214257 45
 .004743163 45
 .005885908 45
 .004433549 45
 .005121197 45
 .005882996 45
 .004950460 45
 .005245265 45
 .004772441 45
 .005334603 45
 .004234949 45
 .009144669 45
 .004598967 45
 .005428379 45
 .004680932 45
 .004597065 45
 .005151837 45
 .006146473 45
 .005163724 45
 .004619401 45
 .004879411 45
 .005530761 45
 .006111602 45
 .004882982 45
 .005394984 45
 .005941930 45
 .005493939 45
 .004937278 45
 .005499595 45
 .005441890 45
 .005112576 45
 .004875758 45
 .005228654 45
 .004749913 45
 .005100416 45
 .004835144 45
 .004954266 45
 .005789521 45
 .004184508 45
 .005399360 45
 .005839626 45
 .005564509 45
 .004523304 45
 .004370133 45
 .005980690 45
 .005109898 45
 .004497660 45
 .005889068 45
 .005148606 45
 .004277085 45
 .005992234 45
 .004980516 45
 .005432824 45
 .004960460 45
 .006120526 45
 .004644044 45
 .005119022 45
 .003906573 45
 .005526674 45
 .003700309 45
 .005367571 45
 .005040213 45
 .004523853 45
 .005620282 45
 .004132501 45
 .005317158 45
 .005007862 45
 .006341986 45
 .005585439 45
 .005326819 45
 .005886615 45
 .004260613 45
 .005778199 45
 .005984992 45
 .004142885 45
 .004705501 45
 .004904895 45
 .006040264 45
 .004916291 45
 .005196098 45
 .005508946 45
 .004767046 45
 .004931102 45
 .004958531 45
 .004128559 45
 .005680294 45
 .005037758 45
 .005169629 45
 .004347950 45
 .004677414 45
 .003950526 45
 .005620521 45
 .006323791 45
 .005999672 45
 .005358926 45
 .005154235 45
 .005547850 45
 .005836493 45
 .005844610 45
 .004671063 45
 .005378579 45
 .004961756 45
 .004990021 45
 .006212055 45
 .005097797 45
 .005864701 45
 .004298085 45
 .005461526 45
 .005465570 45
 .004850049 45
 .006122653 45
 .005770033 45
 .005507376 45
 .005224106 45
 .004774447 45
 .005813687 45
 .005378807 45
 .005184875 45
 .004467386 45
 .005607319 45
 .005333383 45
 .005488978 45
 .004930967 45
 .005943418 45
 .005293678 45
 .005466233 45
 .004907275 45
 .004843800 45
 .004540217 45
 .005621279 45
 .006006766 45
 .004891810 45
 .005232445 45
 .005570553 45
 .005975596 45
 .004607307 45
 .005910218 45
 .005134301 45
 .004550001 50
 .005343660 50
 .005378579 50
 .005933690 50
 .004932984 50
 .006340478 50
 .006896218 50
 .004921836 50
 .006279220 50
 .006105752 50
 .004988309 50
 .006368975 50
 .004950910 50
 .004684210 50
 .004372422 50
 .003614064 50
 .004915773 50
 .006065915 50
 .006897140 50
 .005233797 50
 .004913628 50
 .004911930 50
 .005466227 50
 .005232200 50
 .004880982 50
 .005686541 50
 .006041470 50
 .005464185 50
 .004960070 50
 .004986574 50
 .005787165 50
 .005691571 50
 .004911015 50
 .005452454 50
 .006225548 50
 .005595542 50
 .004631939 50
 .004420899 50
 .003845835 50
 .004890246 50
 .004975101 50
 .003763034 50
 .005461921 50
 .005595499 50
 .004987110 50
 .005135726 50
 .005521261 50
 .006627171 50
 .005107952 50
 .005227747 50
 .005222589 50
 .004926681 50
 .005642602 50
 .006237435 50
 .005345404 50
 .005335833 50
 .006205666 50
 .005781987 50
 .005946568 50
 .005562048 50
 .005444503 50
 .005354116 50
 .006782543 50
 .005248754 50
 .005148719 50
 .005902014 50
 .005013855 50
 .004665764 50
 .005107952 50
 .005287426 50
 .005398583 50
 .005070098 50
 .004734182 50
 .006262823 50
 .005273587 50
 .005173567 50
 .005457313 50
 .005782955 50
 .004224786 50
 .005220615 50
 .005637146 50
 .005947032 50
 .003443016 50
 .004938990 50
 .005358313 50
 .005144969 50
 .005307979 50
 .006000770 50
 .004027441 50
 .005261423 50
 .004367853 50
 .005743647 50
 .005521081 50
 .005672846 50
 .005078383 50
 .005181667 50
 .005223960 50
 .004690191 50
 .005222385 50
 .005907717 50
 .006132841 50
 .004590854 50
 .006045414 50
 .005177584 50
 .004158808 50
 .004561558 50
 .005708799 50
 .004326181 50
 .004816001 50
 .005381917 50
 .004955059 50
 .005982055 50
 .005111139 50
 .003608343 50
 .004665923 50
 .005390025 50
 .004664251 50
 .005508946 50
 .004009299 50
 .005294650 50
 .005611590 50
 .006406980 50
 .006416877 50
 .005279540 50
 .005849358 50
 .004773885 50
 .004209059 50
 .004853669 50
 .004055198 50
 .005193029 50
 .005668783 50
 .004038437 50
 .003801606 50
 .004325937 50
 .004721978 50
 .004219566 50
 .005385431 50
 .004955340 50
 .004894820 50
 .004169473 50
 .004311352 50
 .005861531 50
 .005706077 50
 .006115747 50
 .005289898 50
 .005542981 50
 .005684802 50
 .004556352 50
 .004483337 50
 .005493098 50
 .005850962 50
 .005096670 50
 .005520814 50
 .005143108 50
 .005898440 50
 .004573107 50
 .005703806 50
 .004765352 50
 .004629043 50
 .005343561 50
 .005856800 50
 .004809552 50
 .005332759 50
 .004035604 50
 .006160952 50
 .006005240 50
 .004353003 50
 .005890005 50
 .005375375 50
 .004937628 50
 .004037949 50
 .005023992 50
 .006020994 50
 .005386766 50
 .004961072 50
 .005620753 50
 .006074134 50
 .006646915 50
 .005585514 50
 .005039374 50
 .004906522 50
 .005540689 50
 .005134566 50
 .004899806 50
 .004169936 50
 .005093332 50
 .003903625 50
 .005950608 50
 .005505495 50
 .005919281 50
 .004452612 50
 .004842533 50
 .005506516 50
 .004529330 50
 .005158563 50
 .005578444 50
 .004480349 50
 .004873129 50
 .005131956 50
 .005967128 50
 .004235815 50
 .004083886 50
 .004930676 50
 .005104393 50
 .004650073 50
 .005220322 50
 .004803889 50
 .003962863 50
 .005286767 50
 .004052964 50
 .005113956 50
 .004326666 50
 .004683288 50
 .006052539 50
 .004277067 50
 .005502103 50
 .005115937 50
 .005945016 50
 .005070385 50
 .005124543 50
 .004295097 50
 .005210375 50
 .006057241 50
 .004370203 50
 .005421087 50
 .005013579 50
 .003987180 50
 .006448180 50
 .005613028 50
 .003465505 50
 .005764245 50
 .003908790 50
 .005395100 50
 .004412763 50
 .004261972 50
 .004075908 50
 .004363136 50
 .005541430 50
 .004186647 50
 .004794349 50
 .005704338 50
 .004728044 50
 .004883908 50
 .005870794 50
 .005273626 50
 .004930978 50
 .004169592 50
 .004904235 50
 .005886441 50
 .004572904 50
 .004996696 50
 .004965349 50
 .004350028 50
 .004629807 50
 .004099967 50
 .005190981 50
 .005041834 50
 .004981965 50
 .004115682 50
 .005625517 50
 .005009813 50
 .005187252 50
 .005064966 50
 .003211426 50
 .003803250 50
 .005292049 50
 .005486320 50
 .004717732 50
 .004592182 50
 .005903001 50
 .005632235 50
 .005629676 50
 .006310572 50
 .005064710 50
 .005289491 50
 .004885899 50
 .004377961 50
 .004273159 50
 .005350203 50
 .005434572 50
 .004522585 50
 .006000291 50
 .005307199 50
 .005667845 50
 .004820909 50
 .005561509 50
 .005162670 50
 .005866832 50
 .004945815 50
 .005871073 50
 .003427000 50
 .005606036 50
 .005915440 50
 .004264861 50
 .005431781 50
 .004895133 50
 .005500391 50
 .005647762 50
 .004392217 50
 .005662138 50
 .005921111 50
 .004278794 50
 .004216015 50
 .005599949 50
 .005866564 50
 .005882036 50
 .004416049 50
 .004315456 50
 .005145008 50
 .004869687 50
 .005537950 50
 .005213675 50
 .006134604 50
 .004727164 50
 .004526809 50
 .005496565 50
 .004893001 50
 .004520461 50
 .004915867 50
 .006484851 50
 .004635481 50
 .004335589 50
 .005834533 50
 .004619642 50
 .005444127 50
 .004506435 50
 .005012570 50
 .005430151 50
 .004917438 50
 .003834977 50
 .005516857 50
 .005275313 50
 .004971170 50
 .005123011 50
 .004297269 50
 .004923266 50
 .005678590 50
 .004584686 50
 .004622216 50
 .005244629 50
 .005456610 50
 .005301933 50
 .006537585 50
 .004695290 50
 .005157463 50
 .004472455 50
 .005545088 50
 .005411873 50
 .004398292 50
 .004142557 50
 .005737712 50
 .005580208 50
 .005576721 50
 .006325173 50
 .005624978 50
 .004401387 50
 .004354529 50
 .006371538 50
 .004780591 50
 .004325753 50
 .004967160 50
 .004550397 50
 .004175559 50
 .005482179 50
 .005450481 50
 .005313686 50
 .004276981 50
 .005338957 50
 .005545466 50
 .006065370 50
 .005132717 50
 .005243723 50
 .004601534 50
 .005284504 50
 .005162925 50
 .005270985 50
 .005615077 50
 .003967808 50
 .004854516 50
 .005541881 50
 .004567033 50
 .004469342 50
 .004252499 50
 .006158742 50
 .004875446 50
 .004693329 50
 .005153158 50
 .005224951 50
 .005687590 50
 .004768171 50
 .004328188 50
 .003976235 50
 .005517752 50
 .004753248 50
 .004690520 50
 .005188898 50
 .003684692 50
 .003463499 50
 .004089495 50
 .005324107 50
 .005158622 50
 .005868772 50
 .005251097 50
 .005710969 50
 .005859045 50
 .005204784 50
 .004538828 50
 .005960991 50
 .003560652 50
 .004250589 50
 .005117554 50
 .005480077 50
 .004418897 50
 .005791784 50
 .004612020 50
 .004370311 50
 .004253867 50
 .005153991 50
 .006105075 50
 .005374921 50
 .005612336 50
 .004112082 50
 .005686151 50
 .003829085 50
 .003935020 50
 .005435735 50
 .005317972 50
 .005002002 50
 .005568796 50
 .005629375 50
 .005809271 50
 .005157932 50
 .004643142 50
 .006294945 50
 .005048422 50
 .004594022 50
 .005806711 50
 .005031106 50
 .006578569 50
 .005544056 50
 .004951123 50
 .004450933 50
 .004481704 50
 .004626901 50
 .004778144 50
 .004533715 50
 .005570822 50
 .004106763 50
 .005958985 50
 .005562186 50
 .005169413 50
 .005882999 50
 .005174054 50
 .005462238 50
 .004802643 50
 .005351601 50
 .004416695 50
 .005360444 50
 .005631381 50
 .006267164 50
 .005494827 50
 .004503973 50
 .005095024 50
 .005212132 50
 .004381169 50
 .005913929 50
 .004821187 50
 .005648261 50
 .005613740 50
 .005551580 50
 .004598495 50
 .004254913 50
 .004703133 50
 .005661589 50
 .005881556 50
 .005296595 50
 .005993673 50
 .005091713 50
 .004787631 50
 .005288744 50
 .005452567 50
 .005469820 50
 .004134660 50
 .004933516 50
 .005608381 50
 .005531995 50
 .005226168 50
 .005503333 50
 .004222950 50
 .005509025 50
 .005239614 50
 .005957017 50
 .005806947 50
 .005032512 50
 .004470923 50
 .004506903 50
 .005271882 50
 .005803356 50
 .005191765 50
 .004747727 50
 .005605555 55
 .005660306 55
 .005545264 55
 .004426985 55
 .004415481 55
 .005213333 55
 .006337040 55
 .005720028 55
 .006210846 55
 .004882446 55
 .005362973 55
 .005668305 55
 .004973649 55
 .006475087 55
 .005543984 55
 .006205346 55
 .005945307 55
 .006507964 55
 .004310374 55
 .006017493 55
 .006106981 55
 .004913983 55
 .004889185 55
 .003591551 55
 .004936644 55
 .004558295 55
 .004423412 55
 .005255828 55
 .004071258 55
 .004917995 55
 .004270719 55
 .005508817 55
 .005132489 55
 .005678857 55
 .005212824 55
 .004649421 55
 .004665743 55
 .004686191 55
 .005907945 55
 .004578894 55
 .005864586 55
 .006319943 55
 .006448840 55
 .005320302 55
 .005265590 55
 .004670837 55
 .006106526 55
 .004713865 55
 .005342451 55
 .005330240 55
 .005576591 55
 .007426766 55
 .003817904 55
 .005639939 55
 .005742323 55
 .006024865 55
 .005788375 55
 .006279081 55
 .004939496 55
 .005665608 55
 .005771361 55
 .006334125 55
 .005724130 55
 .005746535 55
 .004613637 55
 .005023398 55
 .004527370 55
 .005088901 55
 .005452026 55
 .005640147 55
 .005578354 55
 .005439589 55
 .004575103 55
 .005935803 55
 .006452491 55
 .005191784 55
 .004182639 55
 .005336817 55
 .005430270 55
 .005678142 55
 .004553394 55
 .005324450 55
 .005295670 55
 .005749933 55
 .004416394 55
 .005301366 55
 .004288319 55
 .005388493 55
 .004753827 55
 .005512765 55
 .004575504 55
 .004268079 55
 .004801960 55
 .005154139 55
 .004898421 55
 .005462520 55
 .005877980 55
 .004390393 55
 .006257488 55
 .006759355 55
 .005136791 55
 .006057151 55
 .005616185 55
 .005812058 55
 .004419399 55
 .005293703 55
 .005589628 55
 .005159071 55
 .004372841 55
 .004638813 55
 .005445208 55
 .005360773 55
 .004746807 55
 .006378181 55
 .005467324 55
 .005793686 55
 .004318366 55
 .005977619 55
 .004318650 55
 .004964971 55
 .004579038 55
 .004045935 55
 .005691146 55
 .003561865 55
 .004466221 55
 .005928860 55
 .004745627 55
 .004292981 55
 .004606022 55
 .005243957 55
 .004866161 55
 .005926253 55
 .005596381 55
 .006162872 55
 .007039160 55
 .004431989 55
 .005551206 55
 .005214817 55
 .004954796 55
 .003501327 55
 .004686905 55
 .005636121 55
 .005857108 55
 .006366611 55
 .005471211 55
 .005149936 55
 .004555935 55
 .005343963 55
 .005067157 55
 .005475679 55
 .005465593 55
 .005340521 55
 .005876848 55
 .005164743 55
 .005313541 55
 .005686051 55
 .005110735 55
 .004252237 55
 .005868392 55
 .006031809 55
 .004543588 55
 .005647912 55
 .006155789 55
 .004317030 55
 .004623468 55
 .004470106 55
 .005069015 55
 .004661948 55
 .006101564 55
 .004076861 55
 .005557322 55
 .004954987 55
 .005724722 55
 .004345565 55
 .004428827 55
 .006205031 55
 .005474878 55
 .004305967 55
 .005685029 55
 .006021678 55
 .006041015 55
 .005937830 55
 .006048550 55
 .005658787 55
 .004582136 55
 .004975976 55
 .003362139 55
 .004502282 55
 .004524915 55
 .005647543 55
 .005777723 55
 .005820969 55
 .004872508 55
 .004903971 55
 .006452414 55
 .005060405 55
 .004939775 55
 .004638715 55
 .004513645 55
 .005454876 55
 .004803186 55
 .005891096 55
 .004581452 55
 .005802406 55
 .004653310 55
 .005357333 55
 .003999773 55
 .005416302 55
 .005157623 55
 .004848220 55
 .004526526 55
 .004648642 55
 .004568250 55
 .004993056 55
 .005916981 55
 .005954128 55
 .004676824 55
 .005603583 55
 .005872640 55
 .004633982 55
 .005541310 55
 .004088273 55
 .005677226 55
 .005503404 55
 .005759285 55
 .004023082 55
 .004556457 55
 .003337122 55
 .004117688 55
 .005205549 55
 .004033341 55
 .005506292 55
 .005287406 55
 .006137485 55
 .004524318 55
 .003665636 55
 .004929879 55
 .003866103 55
 .004936586 55
 .004592181 55
 .004672687 55
 .004648394 55
 .005530294 55
 .005111205 55
 .004672800 55
 .003864416 55
 .004825709 55
 .004502055 55
 .005191467 55
 .005480587 55
 .006020431 55
 .005959169 55
 .005442551 55
 .005863167 55
 .004905957 55
 .004177957 55
 .005946141 55
 .004515134 55
 .004954285 55
 .006112296 55
 .005142444 55
 .004544542 55
 .005532647 55
 .006036498 55
 .005494641 55
 .005965063 55
 .004667492 55
 .005473641 55
 .006236791 55
 .005151240 55
 .004676053 55
 .003372001 55
 .004953585 55
 .004568299 55
 .005210867 55
 .005353082 55
 .005962557 55
 .004882564 55
 .004804677 55
 .004720228 55
 .005963913 55
 .003730029 55
 .005085024 55
 .006210327 55
 .004614946 55
 .005541791 55
 .004726256 55
 .006028500 55
 .005174559 55
 .005875005 55
 .005451891 55
 .004356527 55
 .004632673 55
 .004254098 55
 .004882378 55
 .004567365 55
 .005777916 55
 .006112634 55
 .005385408 55
 .005272147 55
 .005186078 55
 .005350855 55
 .005289060 55
 .005571375 55
 .005675248 55
 .005230761 55
 .005089192 55
 .005538308 55
 .004893364 55
 .005696705 55
 .005957064 55
 .004613021 55
 .005105017 55
 .005318930 55
 .003755849 55
 .004357977 55
 .003307248 55
 .004656656 55
 .004041248 55
 .004669627 55
 .005684442 55
 .006048577 55
 .004965526 55
 .005586512 55
 .004305047 55
 .004834958 55
 .005110594 55
 .004525716 55
 .005142280 55
 .004935588 55
 .005344673 55
 .004408468 55
 .005225727 55
 .005845038 55
 .004863139 55
 .006153743 55
 .005335122 55
 .005231921 55
 .004629299 55
 .005962204 55
 .005568430 55
 .004941618 55
 .005827827 55
 .004298415 55
 .005541690 55
 .005498033 55
 .004302248 55
 .005288653 55
 .005916822 55
 .005553058 55
 .004714828 55
 .005605811 55
 .005680383 55
 .004883069 55
 .004732645 55
 .006318416 55
 .006076219 55
 .004976837 55
 .005809353 55
 .006197612 55
 .005485735 55
 .004950068 55
 .005789069 55
 .004431530 55
 .005441928 55
 .005041304 55
 .005465963 55
 .003785129 55
 .005198718 55
 .005002007 55
 .005182947 55
 .005343410 55
 .005697196 55
 .004370935 55
 .005209692 55
 .004706026 55
 .004944113 55
 .004879095 55
 .005083800 55
 .004841293 55
 .005360472 55
 .005776094 55
 .005463506 55
 .004620912 55
 .005591100 55
 .005835040 55
 .005101406 55
 .005214209 55
 .004839718 55
 .004998411 55
 .006221498 55
 .005858950 55
 .004858827 55
 .005201170 55
 .004564246 55
 .005868691 55
 .006328257 55
 .005540408 55
 .004886147 55
 .004946885 55
 .004962713 55
 .005625359 55
 .005556581 55
 .004161713 55
 .004920680 55
 .005227551 55
 .005199637 55
 .004901195 55
 .005901212 55
 .005682693 55
 .006263676 55
 .004343176 55
 .005321936 55
 .004541669 55
 .006147224 55
 .005439905 55
 .004548757 55
 .006065395 55
 .006265585 55
 .005183168 55
 .005907594 55
 .004503107 55
 .005702377 55
 .005711182 55
 .005434104 55
 .005129888 55
 .005663339 55
 .004927533 55
 .004590140 55
 .004695117 55
 .005337218 55
 .005161181 55
 .006234667 55
 .004771943 55
 .005505847 55
 .004043884 55
 .005350789 55
 .004783329 55
 .005218403 55
 .004809352 55
 .005286336 55
 .004683484 55
 .005606544 55
 .004314286 55
 .004726416 55
 .005839939 55
 .004872283 55
 .005456865 55
 .006570771 55
 .004588657 55
 .005649130 55
 .006172540 55
 .004368190 55
 .004990768 55
 .005350371 55
 .004846694 55
 .004977700 55
 .005335224 55
 .005308402 55
 .004225775 55
 .004242298 55
 .005045013 55
 .003538144 55
 .005035600 55
 .004453320 55
 .004741477 55
 .005013247 55
 .005664731 55
 .004954154 55
 .006834690 55
 .004802605 55
 .005565474 55
 .005990983 55
 .003989852 55
 .004938410 55
 .004840493 55
 .005080516 55
 .005471196 55
 .006788774 55
 .005082384 55
 .005824344 55
 .005760256 55
 .005120542 55
 .005219156 55
 .004920778 55
 .005603656 55
 .005169904 55
 .004564956 55
 .005386854 55
 .005836248 55
 .005404781 55
 .005464660 55
 .004632056 55
 .006005914 55
 .005593361 55
 .004689599 55
 .005393832 55
 .005403624 55
 .004868550 55
 .005581522 55
 .005598015 60
 .004268246 60
 .005776991 60
 .005252229 60
 .004474389 60
 .004214753 60
 .004247961 60
 .005080353 60
 .005081898 60
 .004894787 60
 .005444358 60
 .005020588 60
 .004731363 60
 .005243857 60
 .003883370 60
 .005216165 60
 .003784792 60
 .005111735 60
 .005444398 60
 .004868993 60
 .004918144 60
 .004949582 60
 .005862610 60
 .003674663 60
 .004537506 60
 .004997802 60
 .003840766 60
 .005249808 60
 .004522417 60
 .006536709 60
 .005112347 60
 .004975029 60
 .004080040 60
 .004928758 60
 .004517960 60
 .003986499 60
 .005518269 60
 .005904192 60
 .004828202 60
 .005369777 60
 .006035133 60
 .005134562 60
 .004869648 60
 .004599652 60
 .004424566 60
 .005320291 60
 .004748326 60
 .004196321 60
 .004455419 60
 .005142988 60
 .005451271 60
 .005902698 60
 .005165694 60
 .004486155 60
 .006342159 60
 .004880718 60
 .004346237 60
 .004919652 60
 .004653459 60
 .006116219 60
 .005790210 60
 .004879961 60
 .005662954 60
 .005537444 60
 .004787671 60
 .005961265 60
 .005499786 60
 .006405612 60
 .005848077 60
 .005174664 60
 .006016393 60
 .004395925 60
 .005582883 60
 .005771352 60
 .005530860 60
 .005956593 60
 .005841212 60
 .006353557 60
 .004003942 60
 .005196499 60
 .005271146 60
 .004712085 60
 .004931003 60
 .004146394 60
 .004908260 60
 .004924986 60
 .005236164 60
 .005668279 60
 .004163617 60
 .004182967 60
 .004452995 60
 .004969621 60
 .005204966 60
 .005081461 60
 .005938815 60
 .005925706 60
 .005497603 60
 .005411088 60
 .005882408 60
 .004671546 60
 .005488055 60
 .005634548 60
 .005164566 60
 .005246826 60
 .005699104 60
 .005530670 60
 .005885713 60
 .005292260 60
 .003977595 60
 .005242547 60
 .005762141 60
 .004026982 60
 .004860749 60
 .005459320 60
 .004486599 60
 .004680242 60
 .005531013 60
 .003912320 60
 .005823445 60
 .003839622 60
 .005200237 60
 .005511896 60
 .005680394 60
 .006124610 60
 .005842935 60
 .005363922 60
 .005386876 60
 .005418738 60
 .003351834 60
 .003985012 60
 .004111085 60
 .005445519 60
 .005627160 60
 .004246637 60
 .004778704 60
 .005429091 60
 .003986054 60
 .003957447 60
 .005392642 60
 .005098845 60
 .004813397 60
 .004471439 60
 .005691919 60
 .004308309 60
 .004289180 60
 .005304333 60
 .004877494 60
 .006449889 60
 .006010372 60
 .004704199 60
 .004191345 60
 .004222185 60
 .005531333 60
 .005051397 60
 .004496520 60
 .004287271 60
 .004756820 60
 .005978111 60
 .005475907 60
 .004092930 60
 .005404686 60
 .003627276 60
 .003880552 60
 .005375697 60
 .004851609 60
 .004850920 60
 .005875902 60
 .003716496 60
 .005250305 60
 .006017380 60
 .004457074 60
 .005078775 60
 .004219205 60
 .004485710 60
 .003821618 60
 .005074500 60
 .004759208 60
 .004843046 60
 .004445081 60
 .005909263 60
 .004287158 60
 .004639214 60
 .004848440 60
 .006511849 60
 .005065191 60
 .006677814 60
 .005229529 60
 .005366502 60
 .005936041 60
 .004723507 60
 .005330348 60
 .004554792 60
 .006395790 60
 .006240424 60
 .004743132 60
 .005618646 60
 .004632527 60
 .006464872 60
 .003862028 60
 .004060767 60
 .004944272 60
 .003846135 60
 .005603691 60
 .005422340 60
 .005186706 60
 .003814662 60
 .004612836 60
 .004989112 60
 .004567762 60
 .006037105 60
 .003780840 60
 .004647343 60
 .005587766 60
 .004360338 60
 .004632596 60
 .005268534 60
 .005144527 60
 .004272123 60
 .005976932 60
 .006303227 60
 .005782841 60
 .005492558 60
 .005933482 60
 .004983354 60
 .005024710 60
 .004853084 60
 .005167053 60
 .004524766 60
 .005540498 60
 .003562948 60
 .005582739 60
 .005195889 60
 .005085014 60
 .005667024 60
 .004664391 60
 .004720458 60
 .005956793 60
 .004096655 60
 .006241586 60
 .005208940 60
 .004016948 60
 .004245425 60
 .006010021 60
 .005485103 60
 .005823658 60
 .004948529 60
 .005781048 60
 .005080951 60
 .005654650 60
 .004271375 60
 .005321085 60
 .005242065 60
 .004662669 60
 .005356054 60
 .004118823 60
 .004848379 60
 .004850593 60
 .005335435 60
 .004037785 60
 .005104186 60
 .004912730 60
 .005804523 60
 .004046691 60
 .005598594 60
 .006277308 60
 .006120445 60
 .005593076 60
 .004004631 60
 .003471658 60
 .006584117 60
 .004176121 60
 .004757911 60
 .006500520 60
 .006810701 60
 .004428006 60
 .003924494 60
 .003338327 60
 .004430906 60
 .003778534 60
 .004377256 60
 .005332523 60
 .004829309 60
 .005560597 60
 .005789951 60
 .004199665 60
 .004890883 60
 .005860128 60
 .004989978 60
 .005463265 60
 .005809136 60
 .005138397 60
 .004580008 60
 .003982083 60
 .005380323 60
 .005048045 60
 .004387409 60
 .004045487 60
 .004863341 60
 .004125120 60
 .005130617 60
 .004948254 60
 .005336408 60
 .006506725 60
 .004654204 60
 .005610474 60
 .005203040 60
 .005313954 60
 .004972061 60
 .006588607 60
 .004212283 60
 .004911473 60
 .004076713 60
 .005902786 60
 .005077032 60
 .005621528 60
 .004893601 60
 .003934828 60
 .005256237 60
 .004851796 60
 .005079243 60
 .005196005 60
 .004621447 60
 .005538939 60
 .005684595 60
 .005709422 60
 .004673994 60
 .003412980 60
 .004455852 60
 .005335453 60
 .004786499 60
 .007846798 60
 .004250428 60
 .005246721 60
 .005873545 60
 .005118955 60
 .004739988 60
 .004929290 60
 .005295239 60
 .005913061 60
 .004183094 60
 .005263773 60
 .006894326 60
 .003517834 60
 .004386442 60
 .005402628 60
 .004964255 60
 .004481099 60
 .004661506 60
 .006259156 60
 .004105937 60
 .005689051 60
 .004816839 60
 .005972095 60
 .005780274 60
 .005484127 60
 .004897361 60
 .005958644 60
 .006031692 60
 .005071982 60
 .005304388 60
 .004433601 60
 .005538165 60
 .005415230 60
 .004607821 60
 .005809138 60
 .005616556 60
 .005257480 60
 .005001429 60
 .005980786 60
 .004586673 60
 .005638268 60
 .004510422 60
 .005249093 60
 .006454778 60
 .006372134 60
 .005409708 60
 .005582527 60
 .005145547 60
 .004581426 60
 .004869820 60
 .005912245 60
 .005867274 60
 .005441641 60
 .004020565 60
 .004243638 60
 .005771841 60
 .005647836 60
 .005844336 60
 .004328144 60
 .005562494 60
 .005680469 60
 .005137480 60
 .006081742 60
 .005001620 60
 .005550751 60
 .005849313 60
 .005678958 60
 .004432283 60
 .005124178 60
 .004296963 60
 .005777783 60
 .005527703 60
 .005789787 60
 .005371941 60
 .005594702 60
 .005107022 60
 .006270071 60
 .004969815 60
 .006194236 60
 .004653362 60
 .005344069 60
 .005917650 60
 .006676128 60
 .004890020 60
 .005409892 60
 .003815054 60
 .006551588 60
 .005136461 60
 .004674781 60
 .004939091 60
 .004403206 60
 .005857650 60
 .004361115 60
 .005489273 60
 .005375060 60
 .003975282 60
 .005209401 60
 .004901271 60
 .005005601 60
 .004177339 60
 .005293715 60
 .004340379 60
 .004338252 60
 .005099193 60
 .005253163 60
 .004488287 60
 .004229736 60
 .004385747 60
 .005609405 60
 .005819346 60
 .005830146 60
 .005213275 60
 .006459088 60
 .005307384 60
 .006372783 60
 .004550459 60
 .004705720 60
 .005186886 60
 .007212861 60
 .004166145 60
 .005076537 60
 .005526372 60
 .005481438 60
 .004940200 60
 .005503896 60
 .006026986 60
 .006932190 60
 .005713284 60
 .004074765 60
 .004973431 60
 .005794309 60
 .004724112 60
 .004972387 60
 .006417684 60
 .004594874 60
 .006633276 60
 .004987626 60
 .005290721 60
 .006306205 60
 .006301988 60
 .004056288 60
 .005897361 60
 .006719175 60
 .005733302 60
 .004990722 60
 .005501866 60
 .004728438 60
 .005666388 60
 .005085200 60
 .004891943 60
 .005063965 60
 .005529228 60
 .004764479 60
 .004887032 60
 .005591845 60
 .004390851 60
 .005585667 60
 .005308640 60
 .005507488 60
 .005506190 60
 .006182025 60
 .003531612 60
 .005121510 60
 .006056766 60
 .005220221 60
 .005583386 60
 .005958228 60
 .004959308 60
 .005803078 60
 .004985953 60
