5.000000000000000000e+00 1.345789000000000013e-02
1.000000000000000000e+01 9.907287000000000732e-03
1.500000000000000000e+01 9.596337999999999396e-03
2.000000000000000000e+01 7.143616000000000202e-03
2.500000000000000000e+01 6.904236000000000227e-03
3.000000000000000000e+01 1.262480099999999973e-02
3.500000000000000000e+01 9.914604999999999946e-03
4.000000000000000000e+01 8.877391999999999575e-03
4.500000000000000000e+01 7.443751000000000187e-03
5.000000000000000000e+01 7.340176999999999813e-03
5.500000000000000000e+01 9.040859999999999522e-03
6.000000000000000000e+01 1.974114500000000161e-02
