5.000000000000000000e+00 5.218669999999999906e-03
1.000000000000000000e+01 5.164529999999999642e-03
1.500000000000000000e+01 5.262499999999999817e-03
2.000000000000000000e+01 5.189520000000000417e-03
2.500000000000000000e+01 5.249150000000000170e-03
3.000000000000000000e+01 5.215080000000000410e-03
3.500000000000000000e+01 5.258289999999999666e-03
4.000000000000000000e+01 5.211219999999999915e-03
4.500000000000000000e+01 5.246490000000000355e-03
5.000000000000000000e+01 5.268369999999999650e-03
5.500000000000000000e+01 5.119630000000000014e-03
6.000000000000000000e+01 5.173589999999999613e-03
